X1,X2,X3,X4,X5,X6,X7,X8,U,time
0.04967141530112327,-0.013826430117118467,0.06476885381006925,0.15230298564080255,-0.023415337472333597,-0.023413695694918055,0.15792128155073915,0.07674347291529088,-0.04694743859349521,0
0.05425600435859647,-0.046341769281246226,-0.04657297535702569,0.02419622715660341,-0.1913280244657798,-0.1724917832513033,-0.05622875292409727,-0.10128311203344238,0.03142473325952739,1
-0.0908024075521211,-0.14123037013352915,0.14656487689215542,-0.02257763004865357,0.006752820468792384,-0.14247481862134567,-0.05443827245251827,0.01109225897098661,-0.11509935774223029,2
0.0375698018345672,-0.0600638689918805,-0.02916937497932768,-0.060170661222939695,0.18522781845089378,-0.0013497224737933921,-0.10577109289559004,0.08225449121031891,-0.12208436499710223,3
0.0,-0.20471782488177587,0.0,0.03210397741219317,0.049778393510365164,0.0,-0.012037231104651741,-0.08667353166364952,-0.14785219903674274,4
0.0,-0.046063877095978756,0.0,0.047925830046495255,-0.16346242457139612,0.0,-0.038508228041631655,-0.06168682113781817,0.06116762888408679,5
0.0,0.09312801191161986,0.0,-0.05362183947315173,0.0522966751589545,0.0,-0.047917423784529,-0.0764545912704043,-0.11063349740060283,6
0.0,0.08125258223941981,0.0,0.0021914383006084153,0.07890455399994173,0.0,-0.06451197546051243,0.06416605019294534,0.15380365664659693,7
0.0,0.15646436558140064,0.0,0.08219025043752239,0.00958128214406049,0.0,0.00917607765355023,-0.20277497647298212,-0.021967188783751194,8
0.0,0.14778940447415162,0.0,-0.08084936028931877,-0.0172996041834447,0.0,0.03287511096596845,-0.02186161583134904,0.05132674331133561,9
0.0,0.09686449905328892,0.0,-0.032766214659776825,-0.07155055942894328,0.0,0.029612027706457607,0.03812930928305811,0.000511345664246089,10
0.0,-0.14153707420504144,0.0,-0.03427145165267695,-0.09333421278607264,0.0,0.040405085681453845,0.21089084784274892,0.017457781283183895,11
0.0,-0.007444591576616722,0.0,-0.002651387544921688,-0.007685559666968135,0.0,-0.019236096478112252,0.021245383702432834,-0.0034711769705243313,12
0.0,0.11428228145150206,0.0,0.0791031947043047,-0.09199930049744257,0.0,-0.1401851062792281,0.07927761377168505,0.21904556258099786,13
0.0,-0.05662977296027719,0.0,-0.05034756541161992,-0.12342506522489138,0.0,-0.10623037137261049,-0.027312753683709154,-0.09194242342338033,14
0.0,-0.07832532923362372,0.0,0.08135172173696698,-0.1432254578080435,0.0,0.13071427542824282,-0.102000428236195,0.018463385853230423,15
0.0,0.07818228717773104,0.0,-0.13204566130842763,0.08473484525647657,0.0,0.025049285034587657,0.020863669708285456,-0.06800247215784909,16
0.0,0.029307247329868127,0.0,0.18657745111447566,-0.005434972432192299,0.0,0.06565536086338297,-0.04365806154639313,0.07870846037424521,17
0.0,-0.08206823183517105,0.0,0.041278092693649834,0.15683699644523927,0.0,-0.02453881160028705,-0.11632214611275711,-0.08895144296255234,18
0.0,-0.007710170941410421,0.0,0.027669079933001908,0.09922956198106232,0.0,0.1453534077157317,0.12688160059313372,0.2720169166589619,19
0.0,-0.08571575564162826,0.0,0.04824724152431853,-0.011278646559384327,0.0,0.047323762457354486,-0.017991166415139655,-0.0846793718068405,20
0.0,-0.04465149520670211,0.0,0.021409374413020398,-0.10527498126147139,0.0,0.03853173797288368,-0.06759266972286636,0.015372510594552791,21
0.0,-0.11429702978306232,0.0,0.05607845263682344,0.11686887408273586,0.0,-0.13776693679570912,-0.13086304435749285,0.05150352672086598,22
0.0,0.0515047686306048,0.0,0.0570890510693167,0.13598794507278927,0.0,0.0651391251305798,0.021092648305461717,0.07589692204932674,23
0.0,-0.02368186067400089,0.0,0.008187413938632256,0.25430147709507755,0.0,0.06862601903745134,-0.1503387948066148,-0.04719318657894335,24
0.0,0.006428001909546278,0.0,-0.07153037092599683,0.07123474046892049,0.0,0.021645858958197487,-0.009590484592543226,-0.06516003476058171,25
0.0,0.06339190223180112,0.0,0.018645431476942764,-0.09479079484723753,0.0,-0.07925207384327007,-0.025499918919681935,0.050498727898045714,26
0.0,-0.12002964070557763,0.0,-0.04749453111609562,-0.05787475066659409,0.0,0.040498171096095555,-0.07776395884814914,0.09178619470547761,27
0.0,0.1032465260551147,0.0,-0.04842340728662514,0.10769330247222403,0.0,0.04438194281462285,0.06277361596354991,-0.0926930471578083,28
0.0,-0.3241267340069073,0.0,-0.025256815139316033,-0.14414768111113502,0.0,-0.14301413779606328,-0.0966341835831105,0.013074057728609135,29
0.0,-0.14358621511794395,0.0,0.001023306101958705,-0.10825359116052151,0.0,0.019905969557347004,-0.049616226918290006,0.006980208499001892,30
0.0,0.011351734525124805,0.0,0.15860168161453522,-0.12337222744190143,0.0,-0.1952087799522502,-0.07267091925749825,0.05883172064845765,31
0.0,-0.06226995198205938,0.0,-0.049300093465883287,0.004504196951392932,0.0,0.035701548596504734,-0.023524344447299762,0.08995998754332507,32
0.0,0.08128621188389601,0.0,-0.08289950109220723,-0.07573814140605027,0.0,0.06103702654334649,0.026431109636731155,0.0117327383308782,33
0.0,-0.059157138883582996,0.0,-0.020219265243389406,-0.054927920759604926,0.0,0.08254163489880299,0.16005937580998658,0.1305478807154329,34
0.0,0.06819529712949639,0.0,0.032416635248844215,-0.02110201153412422,0.0,0.059515702543691366,0.015217767343120386,0.20923872756854603,35
0.0,-0.12141886127877322,0.0,0.07916626939629359,0.07537863580475321,0.0,-0.0012246772846914624,-0.08756214852567933,0.007580455819372634,36
0.0,0.09751197334177512,0.0,-0.08254971967925116,-0.0004720764067819086,0.0,-0.05637245528039747,-0.09624196926658521,0.02436872114919123,37
0.0,-0.05069431753711298,0.0,0.02320499373576363,-0.17782832202143287,0.0,-0.0718444221252436,-0.03920071922535201,0.03109075655980046,38
0.0,0.08576596232020195,0.0,-0.001901620790268883,-0.09097093896947543,0.0,-0.028865863892013833,-0.008227572547327887,-0.0827230943552323,39
0.0,0.1532738913002578,0.0,0.04017117220989415,0.0682537508550037,0.0,0.022409248181041678,0.013641602799805266,0.009767609854883173,40
0.0,0.0024510174258942715,0.0,0.14511436077950418,0.11199555149247835,0.0,-0.07673475628880495,0.06295513135738814,0.018334200573835176,41
0.0,-0.08082982853551515,0.0,-0.05993926454440222,-0.15434382811917902,0.0,-0.07591326615536981,-0.003364468662326583,0.034175597577715947,42
0.0,0.09504238381860503,0.0,-0.0898414671348358,0.02521621133288969,0.0,0.18314587658543538,0.1747812148826382,-0.04691756521047048,43
0.0,0.1353872374165413,0.0,0.12378163119734618,-0.19537935273337106,0.0,0.0005243699718183166,-0.010844484136571995,-0.04500654714792437,44
0.0,-0.10676204293825944,0.0,0.012029563171189887,0.10095653588481338,0.0,-0.11246420918378693,-0.1536784119806292,0.1277676821898509,45
0.0,-0.07484865365565536,0.0,0.011567463429285867,0.12274154367485861,0.0,0.2060747924881987,0.24925025604283238,-0.02489641484790735,46
0.0,0.06453759495851476,0.0,-0.09649234605801045,0.07323213137155829,0.0,-0.17587394864231143,-0.26004855694510565,-0.20392321777601008,47
0.0,0.07175422557959624,0.0,0.007409478041977519,0.124264616133925,0.0,-0.17033824393551547,-0.06024777675099232,0.03840654489393073,48
0.0,-0.20674421000398768,0.0,-0.13044695005048532,0.06993104609979486,0.0,-0.09398797863273553,-0.12605435645287688,-0.10592135218889516,49
0.0,0.09551423205012383,0.0,0.050404651551784446,-0.10520454185743822,0.0,-0.010703035995455783,-0.1271831723272711,-0.05536493053471821,50
0.0,0.19647251329163895,0.0,-0.06997255079925856,0.04155985169413598,0.0,-0.0220969599533223,0.07909065587466929,0.07575077100473052,51
0.0,-0.057581824064468004,0.0,-0.2301921164735585,-0.17950812653955867,0.0,0.16449677135012838,0.061074598291365356,0.05765569630557665,52
0.0,0.30788808084552377,0.0,-0.012791759148076655,-0.18763089064946598,0.0,0.020346363586722312,-0.11727540892966001,-0.14222537095976742,53
0.0,-0.1081548003614395,0.0,0.08816397569494505,-0.005913967790892399,0.0,0.00773683076476183,-0.029724345122483627,0.15231240772696575,54
0.0,-0.10372461543264565,0.0,-0.08756182533847573,-0.1030143828184556,0.0,0.19094166404701307,-0.04377616847893892,0.056296923669057086,55
0.0,-0.048712538376469605,0.0,-0.0863990769679816,-0.030172567340907595,0.0,0.027045682577983884,-0.0025687195540444827,-0.023894804686640975,56
0.0,-0.05767713305683328,0.0,0.05009171876243808,-0.13231515526704776,0.0,0.0751387123371789,-0.11786743644396791,0.054336019237993506,57
0.0,0.05705986685931594,0.0,-0.1804882100664519,-0.14271755628334104,0.0,0.025972250172148187,-0.057692026384373506,0.06385924587773739,58
0.0,-0.006607979864731658,0.0,-0.06518361078021592,-0.06745541689493936,0.0,-0.03845555442298254,0.06505584371894084,-0.057689186952314876,59
0.0,-0.11297068546576182,0.0,0.14415686206579004,-0.2732378943248153,0.0,0.057707212718054006,0.015768452050918137,0.03711458733713088,60
0.0,0.008658978747289992,0.0,0.11677820616598074,0.08310482915643733,0.0,-0.04118769661224674,-0.08037523762583479,-0.043255818781962094,61
0.0,-0.0420984480820263,0.0,0.2075400798645439,0.13382375280956155,0.0,0.12012139221639449,-0.06409333914682222,-0.2038124535177854,62
0.0,-0.18707919210258558,0.0,0.00184183791895517,0.2506597631733459,0.0,-0.021910052880886426,-0.0032131988492816316,-0.22111353090078853,63
0.0,0.07708651938869669,0.0,0.11437540432069292,0.03458637591702348,0.0,0.06327818661062849,0.2587458793517383,0.018186625505849516,64
0.0,-0.045936089954024414,0.0,0.08303358165442457,-0.03985822086260955,0.0,-0.04776574467651167,0.04046985838907771,0.03336621052869483,65
0.0,-0.05100163988547471,0.0,-0.09787637157823074,-0.011215893345841332,0.0,0.0756988616645352,-0.03150078054825037,0.08696059201056602,66
0.0,0.041343490322370086,0.0,-0.07737891991035731,-0.163616018962434,0.0,0.1496044311489183,0.12333287461310716,-0.005558467091045507,67
0.0,-0.11254890472983765,0.0,0.012922118197522751,-0.020012088503653637,0.0,0.048100923173671324,0.013962165756795753,-0.07904744554453119,68
0.0,0.18820244964750338,0.0,0.1593186626639397,-0.04595272036410941,0.0,-0.012578692009964816,0.038837717571366726,0.10941915184709486,69
0.0,0.1529550319460614,0.0,-0.04268810699474201,-0.03748297246044087,0.0,0.08231705839619147,-0.0048900114136199045,-0.1289960899741054,70
0.0,-0.033578469929012825,0.0,-0.02595913513636048,-0.16738953810970741,0.0,-0.02727235697476705,-0.28249792741218743,-0.005429486651781221,71
0.0,0.06962063648134184,0.0,0.11265650295477575,-0.03727252311002725,0.0,0.25733598032498606,0.10934376074839637,0.0013929291912946203,72
0.0,0.019808476076785497,0.0,-0.05736620068802363,-0.009623292942128915,0.0,-0.0543424771133765,-0.08929651114385065,0.010643022769189684,73
0.0,0.15039929885826886,0.0,0.10915068519224619,0.10166203897455345,0.0,-0.03426875940803488,-0.10011449967791686,-0.14075116947178212,74
0.0,-0.11105758454658288,0.0,0.09356783931474612,0.17081578357631436,0.0,-0.11290517712172293,-0.0804859878336894,0.04893745612279181,75
0.0,0.07129984301723881,0.0,-0.037482080754959755,0.1085231325462476,0.0,-0.03609661658190799,0.0636571172376652,-0.10810633275998974,76
0.0,0.05931012579683838,0.0,0.0326133022242118,-0.14010418994051418,0.0,-0.018490213644298904,-0.02295306460533239,0.10490092258368894,77
0.0,-0.14084612963635598,0.0,0.06060099513456396,-0.1149976143599436,0.0,-0.20819294078837222,0.09375407186574658,0.02110174672026184,78
0.0,-0.05449190868089498,0.0,-0.0037634702424848366,0.13457058625547774,0.0,0.01503017614618776,-0.03234224759314785,-0.005694562372106746,79
0.0,-0.17101683926566258,0.0,0.0743264094022715,0.01558115571580025,0.0,0.001843393306539316,0.016603939047955183,-0.053975968030936156,80
0.0,0.019584525509768157,0.0,0.04082527557144719,-0.14052779666287546,0.0,0.0472597482413043,0.07890105716600228,0.09826909839455139,81
0.0,0.10143700650181305,0.0,-0.12795769667357015,-0.04615174754098901,0.0,0.05176590204691231,-0.0453311837398839,0.018676676447707832,82
0.0,-0.061151780299194824,0.0,-0.09232332461109044,-0.18635153923106143,0.0,0.10536417966078396,0.03933915525042796,0.2632382064837391,83
0.0,0.018483612369487392,0.0,0.07003098794089914,-0.09449311246821357,0.0,0.2560084538268795,0.13302195797828548,0.11492733262856758,84
0.0,-0.00349884904969617,0.0,-0.06269670577877674,0.20925725097605252,0.0,-0.056246677589426766,0.07478150860671692,0.097255444962673,85
0.0,-0.15702247198904565,0.0,-0.024751863555150477,-0.03252202522151533,0.0,0.017770100093325383,-0.11311947104847127,0.03801978510059632,86
0.0,0.055979044793103984,0.0,0.08339221545489041,0.03601726250078348,0.0,-0.16609609335159914,-0.016207546376672176,0.020768768716311115,87
0.0,-0.12767485758203095,0.0,0.10531528533329036,0.02940137079629066,0.0,0.0028318376130461176,0.03694828220395289,0.09382838059759978,88
0.0,0.009612077694098338,0.0,-0.04344962274323156,0.01120890178645221,0.0,-0.04787486216634773,0.07511441211313036,-0.08946073022195039,89
0.0,-0.043973105827417494,0.0,0.019655477651157466,0.08580460484957086,0.0,0.026705026586925886,0.10252502982175392,0.00822839892754242,90
0.0,-0.05172884501003722,0.0,0.22988981236192504,-0.028421664983502924,0.0,0.1453384477117701,0.1977924927074149,-0.05228600271532683,91
0.0,-0.02817846088605072,0.0,-0.09186519464841983,-0.008458151730436778,0.0,-0.0034684887386781183,0.07630159500667352,0.1550500492814077,92
0.0,0.09843223984765838,0.0,-0.004946370965243295,0.03073587135729245,0.0,0.03824097461840506,0.04917740490895285,0.04924512640081491,93
0.0,0.24553001399108942,0.0,-0.053099695500181766,-0.06429260102857376,0.0,-0.06373871273065178,0.1431238166981394,0.1420504247989855,94
0.0,-0.08323555731042287,0.0,-0.05522230442809713,0.042053303575478373,0.0,-0.1515744114997232,0.15697647409146015,0.17958776730955217,95
0.0,-0.03877015599359842,0.0,0.0334456789987025,0.0437655054960442,0.0,-0.01769472274940494,-0.1351837865341158,-0.13793192280145272,96
0.0,-0.0033126972873797097,0.0,-0.05176112990361714,0.03575706676337086,0.0,0.1188393273448084,0.28164856647307435,-0.05308687729203207,97
0.0,0.1044160877069072,0.0,0.18467073257360336,0.03768836657114954,0.0,0.05906548306923093,0.16321342762789087,0.08204821811973641,98
0.0,0.10666746895891539,0.0,0.13821589910375273,0.1387392817884056,0.0,0.014671368643332284,0.09792669562361533,-0.08169356709872361,99
0.0,-0.03933388123273607,0.0,0.12784518626072988,0.07439626644349143,0.0,-0.13598561409799192,0.04282305730346293,0.06454841811410754,100
0.0,-0.030777823495300085,0.0,0.024938368371075527,0.20888340248063939,0.0,0.027902152577033924,0.07848183131294004,0.01866091231563581,101
0.0,0.01940899928983076,0.0,-0.10265152994110603,0.02327231476311781,0.0,0.11950466289248425,-0.12407908997588937,-0.05589218472715884,102
0.0,0.15655240292343406,0.0,-0.05551995266931984,0.1470550949676166,0.0,-0.2198805956620082,-0.061522691111811446,-0.05020542243526112,103
0.0,0.07083564472993534,0.0,-0.05640786307367284,-0.15023842093481737,0.0,0.0650201177958661,0.08072275560207645,0.18466369960476658,104
0.0,-0.1525525170924739,0.0,-0.004558601635549781,0.0017707997028000473,0.0,0.03520553965142968,-0.06053996541590845,0.14437646040732596,105
0.0,0.11172958315881276,0.0,0.045675321915378396,0.055153287369000485,0.0,0.06427227598675439,0.16550240434749636,0.019652116970147016,106
0.0,-0.008973569428722673,0.0,-0.06763923020592698,0.19836417205723295,0.0,-0.14307751021180481,-0.06825737060526382,-0.06810516574748808,107
0.0,-0.0652623979302391,0.0,-0.18895407309455312,-0.07228632400727847,0.0,-0.15839028234857233,0.04018835822777994,0.07858001586508323,108
0.0,-0.0966976143129213,0.0,-0.0003602539090568405,-0.19141809815707553,0.0,0.08773622905756714,0.013939078604869037,0.002688583899453078,109
0.0,-0.20417348684242909,0.0,-0.06819842479977986,-0.1003061025531143,0.0,0.17976865268495226,0.11600048255828402,-0.05711789897827968,110
0.0,0.13993554365860023,0.0,0.005963036992017413,-0.09197304769046934,0.0,0.03934853854217496,0.12748975047851216,0.06351718016819695,111
0.0,-0.0535235211560568,0.0,0.019759960469239966,0.20991130205933353,0.0,0.17359638031652494,0.06643000034636906,-0.06514180036144483,112
0.0,-0.03203473081943202,0.0,0.05228354880354996,-0.049466016206161915,0.0,0.21422703586118638,0.27371645979313686,0.04363236696740321,113
0.0,0.012003132671826131,0.0,-0.10227925651984056,-0.004824234220914526,0.0,0.03992231226052793,0.06377699269400719,-0.0483186462299374,114
0.0,-0.12257656630023413,0.0,0.022445181855997205,0.06379812765327923,0.0,-0.045888426286894005,0.08816491639584721,-0.003850846950070721,115
0.0,0.08836599374866724,0.0,-0.15763921569842496,0.15663210771498848,0.0,-0.06255627015095294,0.031848901803255586,0.049403018628273884,116
0.0,-0.05503051538454201,0.0,-0.002555407099144528,0.054217215646566494,0.0,-0.0370614332086106,-0.0373536939406624,-0.28485426206300757,117
0.0,-0.17397137787780997,0.0,-0.1119669894626144,-0.13049031041174838,0.0,-0.04677012013118914,0.014300119859824482,-0.0046920578879184075,118
0.0,0.007682189106025536,0.0,0.09962668194471401,-0.09416245410117702,0.0,-0.04281151609659126,0.16270913359876685,0.08502217421134929,119
0.0,-0.03492577043184288,0.0,0.2076747983560841,0.07804421800104094,0.0,0.10302834540318423,0.05602377896020044,-0.025904214582070314,120
0.0,-0.007160125941406395,0.0,0.072762954363698,0.0882645079231636,0.0,-0.008071658010858232,-0.065302168131358,-0.19982006845321076,121
0.0,0.03464884758979927,0.0,-0.28962553781936895,0.237942652223552,0.0,0.11081828167375166,-0.03821619336586249,0.06127739050625697,122
0.0,-0.062376896069580516,0.0,-0.01906824007633466,-0.0941069278097753,0.0,0.049568188797260465,0.04764280111957972,0.036496100246622545,123
0.0,-0.005761879703358539,0.0,0.1050654396007612,0.10292529726526453,0.0,0.06387302220291846,-0.031581178761342615,0.16334315323010962,124
0.0,0.030263546523903326,0.0,-0.006413834659299254,0.07490241687065252,0.0,0.04219207542352848,0.19412165762826541,0.045353430151397985,125
0.0,0.09640871682883573,0.0,-0.12276078151369925,0.057174473121266105,0.0,-0.029756350335999195,0.12041619565062384,-0.015005558703252674,126
0.0,-0.017307182428386962,0.0,-0.10962750868952019,-0.19310940086490916,0.0,-0.08469613483183279,-0.20838634285449387,-0.21533901136037148,127
0.0,-0.13230897934074984,0.0,0.10098170893426342,-0.11266603799358046,0.0,0.09817654869915943,-0.08069171889177354,-0.24994057148735732,128
0.0,-0.1389572466763596,0.0,0.10225704320096403,0.2843679242076327,0.0,0.056390912005235966,0.11190134352593376,0.08534155587803077,129
0.0,0.02811914239693758,0.0,-0.006259312789952242,-0.034493641606282016,0.0,-0.16929568141953855,-0.11215292399757253,-0.09885911071509175,130
0.0,0.017989415115347848,0.0,0.0918316606002313,-0.15955378547829863,0.0,0.0940771187988216,-0.06848005208419819,-0.02246331499970246,131
0.0,-0.09683444548636354,0.0,-0.13340254949182045,-0.023404100155028848,0.0,-0.15929937335316693,-0.02035959850766071,-0.001963779892668122,132
0.0,0.022391413406466144,0.0,0.012522450264790728,-0.09630157390925348,0.0,0.05432980290363879,0.028038637386161833,0.004059169120388238,133
0.0,-0.06629009175509482,0.0,0.17495767431869394,-0.11937734343321223,0.0,-0.07184072655691974,0.050432908331455265,-0.02949496782920278,134
0.0,-0.06734906242438686,0.0,-0.08353470532597573,0.2844979825048164,0.0,0.030982071022702753,0.0902534849130934,0.04137990974514982,135
0.0,-0.012982069973342617,0.0,-0.014700200162848863,0.06297402954910067,0.0,-0.05574917850078336,-0.16236984105051505,-0.008828204835125482,136
0.0,-0.08036745679697309,0.0,0.16777008140764407,-0.061238904235939,0.0,0.16283966231285382,0.020097778222810156,-0.02035803601023618,137
0.0,-0.10147567306928669,0.0,-0.12239402667622566,0.07051637938898023,0.0,0.023378591179074773,-0.13465732002122682,0.03308802322144571,138
0.0,-0.19937356425714556,0.0,0.12276689924732923,-0.1699217125396108,0.0,0.04190190093660452,-0.05569234291921878,-0.005576907765770601,139
0.0,0.007600539141241151,0.0,-0.09206735930793664,0.0660428421025395,0.0,-0.011122606134870032,-0.12058335459106882,-0.07355299425897666,140
0.0,0.10913101205942691,0.0,-0.1092312764672579,-0.06846778869265485,0.0,0.014171691363990475,0.25136775492256863,0.03933178393943719,141
0.0,-0.03091164642025014,0.0,-0.015246983638054391,0.02711835708195589,0.0,-0.07859894605079495,-0.22883006183471116,-0.18362053731032968,142
0.0,-0.11033666061738737,0.0,0.038857860453096416,0.2432011582880573,0.0,0.08384907744516419,0.03826142897113219,-0.009888965319114268,143
0.0,-0.029027454418865135,0.0,0.032169780619601365,-0.05126590118306631,0.0,-0.017495975669540864,-0.0637950616921367,0.053650984357040354,144
0.0,0.002818115736912825,0.0,0.10858955658315782,0.06033773553583583,0.0,0.08177662992002871,0.191254767592058,0.055781030635186225,145
0.0,-0.13118362323501595,0.0,-0.030522470435466766,-0.01751539758266519,0.0,0.005664992489710717,0.05276781519948918,-0.007049877805909122,146
0.0,0.006447441481012024,0.0,-0.09393353938187543,-0.026617743746348253,0.0,0.05999287299962045,0.21972889724362402,0.12187618516973167,147
0.0,0.14907261368499522,0.0,-0.033708597111803934,-0.09891368210684415,0.0,-0.038817681854122876,0.007134638832644882,0.01605739810498646,148
0.0,0.04369381697463499,0.0,0.09495541354413238,-0.16197323568971195,0.0,0.09343199112392737,-0.10718186245821508,-0.022476540189268354,149
0.0,-0.18019804375800197,0.0,0.0759155160302647,-0.019668874655018993,0.0,-0.05462444482524828,-0.034431282296939175,-0.1478911568774129,150
0.0,-0.0015309849172995557,0.0,0.011958036841415326,-0.06694068767604967,0.0,-0.015852957302697004,-0.04173601543963385,-0.09332679590731961,151
0.0,-0.0884802714026901,0.0,0.17117084801423435,-0.1324068995565695,0.0,0.14711703274936086,0.01449689953146066,-0.06690727386599166,152
0.0,-0.06056155397368641,0.0,0.06779258713392691,0.019677198391123474,0.0,-0.060571492300333846,0.060456180595024375,0.029929258040649193,153
0.0,0.15615111967268527,0.0,-0.07534178703461836,0.07311424914748241,0.0,0.20133872475266232,0.08140276871341487,-0.03653215513121087,154
0.0,-0.13471262895296965,0.0,0.12004139079444254,-0.09582614271098693,0.0,0.05366527525272862,0.1651998914406685,0.07189533106650668,155
0.0,-0.07567950885694608,0.0,0.15013336519554868,0.015748572433563438,0.0,0.1328194141849058,0.12470683863688459,0.04558877720816076,156
0.0,-0.0643518230380143,0.0,0.005701312489708451,0.08691257396454516,0.0,0.05078357562896238,0.11168079496239133,0.10725073373098022,157
0.0,-0.08392096673390065,0.0,-0.19663565893760018,0.2079012379899156,0.0,-0.022125362358577202,-0.025772240509004424,0.030740669780910074,158
0.0,0.08604734883597454,0.0,-0.01671217137864115,-0.05039626852621011,0.0,0.16073455760199928,0.13911204071636846,0.07348777860498175,159
0.0,0.1173473857485325,0.0,-0.12968319479558466,0.033283926623807705,0.0,-0.05286166817497569,0.0808316421056963,0.12382830714336357,160
0.0,0.03088330125989638,0.0,0.02407531794885683,0.2082950334998056,0.0,-0.17607627591558178,0.01824419521511776,0.03811583848827778,161
0.0,0.06731813512699585,0.0,-0.12242982362893658,-0.011272198549059797,0.0,-0.05805234498047227,0.09408356010217127,0.16699045043514063,162
0.0,-0.11958830620351844,0.0,0.11966314866456512,-0.10995021988351286,0.0,0.0014688194729197094,-0.05521248833452107,0.0648280433843859,163
0.0,0.041953244390702776,0.0,-0.043745830032341046,0.1201033952486032,0.0,0.1726963851233405,0.03697890088919197,0.022468472575188594,164
0.0,-0.14183657329330318,0.0,-0.1525656314570095,0.10876007832978178,0.0,0.2558199285668252,0.052362507172887526,0.018455130319703698,165
0.0,0.2006092888159123,0.0,0.12083662305931425,0.041379999998342444,0.0,0.07783610761666378,-0.05262108950596858,-0.08181988834223072,166
0.0,-0.017018462252492844,0.0,0.06963874474567154,0.1438651700807768,0.0,0.1477530081055262,-0.06184578924593016,-0.019365945927971813,167
0.0,-0.18665366170730602,0.0,-0.012174750838328354,0.17920047222248175,0.0,-0.1024186824329205,0.18717796300363798,0.1221033695525353,168
0.0,-0.022648409884983192,0.0,-0.037220677607105304,0.10400496163508727,0.0,0.1543243528272189,-0.02634181121285524,-0.11196174332890113,169
0.0,-0.17684393655628516,0.0,-0.014760258629866869,-0.061491921229666346,0.0,0.051360010656971655,-0.07367316895326256,-0.1169916835710288,170
0.0,-0.0027514905050636256,0.0,0.166125921454787,-0.051613729110573936,0.0,0.04687742560750238,-0.07052485718214689,0.0301791899819466,171
0.0,0.12269332238843077,0.0,-0.020367375017696587,-0.0213478900937413,0.0,-0.022647889190152676,0.059652856923720465,0.09135846262332495,172
0.0,0.14926885689595218,0.0,-0.002136729434843616,-0.08286811792186097,0.0,0.08840453963610498,0.09919974106454786,-0.02813275571182134,173
0.0,0.051593921770409945,0.0,-0.05290526773462948,0.07857177618824528,0.0,0.02935579321666293,-0.10759081379050192,0.046642998243352635,174
0.0,-0.16151318159055095,0.0,-0.07345915767980492,-0.1021873507952899,0.0,0.11486373494287153,-0.05347789317601208,0.006167984984797165,175
0.0,0.0693105607263144,0.0,-0.03670278390833223,-0.11214268513679394,0.0,-0.1072139011985607,-0.31974101568336666,0.043655980415766786,176
0.0,-0.23629324355418385,0.0,0.06191542610051978,0.19106843340783697,0.0,-0.07280029412291344,0.0007109129105370773,0.1374876419148185,177
0.0,-0.07991920066502536,0.0,-0.09533286082587124,0.03703320203968747,0.0,0.03230792731160291,-0.02252557370003164,-0.029181126891554412,178
0.0,0.08831097771471591,0.0,-0.018047991359062567,0.28117761245413764,0.0,-0.07517910500951844,-0.03251180180247529,0.11484457091967548,179
0.0,-0.1438277978317367,0.0,-0.0668144085538994,0.18011058107812955,0.0,-0.04473218956587512,0.11258370321562038,0.00678555105274033,180
0.0,0.04847328172944748,0.0,-0.0643549832317462,0.07627031833655637,0.0,-0.04036484632419968,-0.09683222916884404,0.04235990655934611,181
0.0,-0.10675329142542729,0.0,0.14122205554154293,-0.033706132417269996,0.0,-0.10623935281468798,-0.006215080680269547,-0.018714426500454878,182
0.0,0.11873860515647512,0.0,0.057963317321357566,0.08906845387483382,0.0,-0.03531662928106884,0.00938268327887555,-0.029540141013902944,183
0.0,0.13175975356079597,0.0,0.11398785611290455,0.15489683366252957,0.0,-0.21218548990085948,-0.10026158554014822,0.12969945465611094,184
0.0,-0.09993022322949108,0.0,0.08406200265045531,0.10026849926529977,0.0,-0.03668244118146876,-0.08613314783441728,-0.09224101844985026,185
0.0,-0.03223204692113399,0.0,0.15213160519224514,0.13345589087497817,0.0,0.04037300903366095,-0.017899922151181726,-0.09037018607301282,186
0.0,-0.11790397911598026,0.0,-0.04646172972983931,0.08096860766418199,0.0,-0.025890497370407734,0.031691553217576024,-0.04749036566225245,187
0.0,-0.13459796802467486,0.0,0.19389289990582848,-0.1186178243524932,0.0,0.0513907849658915,0.05078654565489096,0.03506300992735592,188
0.0,0.063472146856177,0.0,0.040981865692851255,0.05343139450047715,0.0,0.18998819348952156,0.028623377094078827,-0.09745293046706416,189
0.0,-0.012038116395359824,0.0,0.08474216771504217,-0.03714007231825177,0.0,0.03319803305690146,0.0571599948005336,0.07094518171390395,190
0.0,0.051310579817608275,0.0,0.0738810480887503,0.09543361548732221,0.0,0.10859821161750323,0.01812496307543656,0.08080577982811452,191
0.0,0.18381836767951226,0.0,-0.03493167961181975,0.02761045864672686,0.0,0.079994190194205,-0.1665122694360992,-0.10536824191463541,192
0.0,0.09503075919735758,0.0,-0.01044492185374715,-0.03085484416372896,0.0,0.11618783026081905,-0.03791726691901231,0.023836898273478513,193
0.0,0.050109416993984524,0.0,0.10010460925671412,-0.2745011980414226,0.0,-0.06540756831274239,-0.19133422602736833,0.051120259952498075,194
0.0,-0.013744851462769186,0.0,0.16122782579886455,0.1715332890610904,0.0,0.07421274910718922,-0.018840339883365923,-0.16019658118971686,195
0.0,-0.08432465953161918,0.0,-0.01758858124323366,0.0768116109979944,0.0,0.004360244637245373,0.14945647423726766,-0.062264936173445196,196
0.0,-0.07424705856980483,0.0,-0.061176909090528545,-0.010739112202134667,0.0,-0.0692420979873856,-0.17123728060414195,-0.008310557262869478,197
0.0,0.07600559636896026,0.0,-0.14575514994649305,-0.05539167134119777,0.0,0.031917451041918045,0.08118098858148061,-0.18751724696457447,198
0.0,-0.01601327955666404,0.0,0.021319662823768917,-0.13349899315247915,0.0,-0.0796025856803489,0.07650558729123824,0.002131164867194222,199
0.0,-0.006066081381462078,0.0,-0.15137143926128271,-0.17178610249608695,0.0,0.026712665101148343,0.0062158937923280505,-0.15811907020321336,200
0.0,-0.04830610516834395,0.0,0.16122206282554244,0.029135355882040102,0.0,-0.08911922254152875,-0.2759995953230267,-0.07191533192424202,201
0.0,-0.0987179527151184,0.0,0.007685188295876822,0.04200322694940912,0.0,0.016865467196672767,0.012776284125110407,-0.10903990774428461,202
0.0,-0.009858813228426175,0.0,0.07082144232565572,0.026395688444700898,0.0,0.028712416520182422,-0.03710614747375727,0.03615035252061016,203
0.0,0.010855970577652314,0.0,-0.020811685727253972,0.015474825786369217,0.0,-0.05487249077409615,-0.007069532475617977,0.015985639199740036,204
0.0,0.12657078408647007,0.0,0.09694572005267368,0.0343947618962669,0.0,0.1775310892609512,-0.01618085139491747,0.09191541736100016,205
0.0,-0.06706202090766449,0.0,-0.025004651459895277,0.06764765094905517,0.0,-0.01343087414705478,0.10348058287648375,0.0793488720552213,206
0.0,0.13043402428781525,0.0,0.10325462043416574,0.10266865309880022,0.0,-0.04108142879545848,-0.1345252744268827,-0.021492103028873534,207
0.0,0.07796605322693399,0.0,0.1395683810789956,-0.014914954484163918,0.0,-0.16834381922209504,-0.11415472718004588,0.09648516330974577,208
0.0,-0.12343488718799221,0.0,-0.0026405756958927033,0.08384346831355893,0.0,0.04240610444640897,-0.030927322409267797,-0.0014452270878279104,209
0.0,0.0006422269810937817,0.0,-0.010960980392583084,-0.009892526198890614,0.0,-0.025879606266710237,0.16914505522173096,0.056091944794123876,210
0.0,0.06969544045107356,0.0,0.11731246375866414,0.03257982706277616,0.0,0.04477169258102776,-0.17861579958628201,-0.11267674689098053,211
0.0,0.014294309476370677,0.0,0.22313001461926324,0.11073009564754138,0.0,-0.1801057734152739,-0.15388212065630008,-0.0787783751908239,212
0.0,-0.01681438185847896,0.0,-0.19792998103757878,0.1640430314594587,0.0,0.023924686411114955,0.18479968083391854,-0.09193845915864235,213
0.0,-0.028600422188011083,0.0,0.1958347454220594,-0.2021269518602732,0.0,-0.04653104567800534,0.0633447634439805,0.26443433470170347,214
0.0,0.025373966149457347,0.0,0.10857863249393472,0.0881322135159133,0.0,-0.039164856742179115,-0.0007649782147702774,-0.03431922754974105,215
0.0,-0.0369610336043634,0.0,-0.0029262813684978357,0.1560364780747907,0.0,-0.17730324682068815,0.023570220812932238,-0.09057323008626189,216
0.0,-0.059566129404349216,0.0,-0.21356742139786955,0.3126043408186003,0.0,0.022323891412915967,0.013434549123555743,0.028555407485765696,217
0.0,0.0645215585950057,0.0,0.008958068125524882,-0.10516081058988044,0.0,-0.019490828035268103,0.1263551637524294,0.05935567222808619,218
0.0,0.0655900776529761,0.0,-0.0018708756445897418,-0.03526861805867863,0.0,0.0947526462122858,-0.025139878248087874,0.040705228712453516,219
0.0,-0.13796181647889305,0.0,0.08623934723827588,0.09456415427977277,0.0,0.07250957868479972,0.0581698043526124,-0.06414815952229523,220
0.0,0.08004095252276823,0.0,0.1188913371474643,0.10532612361541673,0.0,0.10701502383164274,0.009288270814780968,-0.08818746512277179,221
0.0,-0.07449026448064491,0.0,-0.014451867071551784,-0.031685457241010406,0.0,-0.18936146669537857,-0.054373024303179716,0.00012054753622242369,222
0.0,0.06592456684324051,0.0,-0.16075598643689742,-0.08205322468524215,0.0,-0.09399031011088647,0.03856744529177214,-0.019382613877280352,223
0.0,-0.20038623644067535,0.0,-0.12392583948534726,-0.05830913154812615,0.0,0.1360658595838651,-0.18213862153209406,-0.30195121558208254,224
0.0,0.18005111815108538,0.0,0.02096594152746258,-0.09873395435734364,0.0,-0.09735461997044687,0.026385384518275122,0.05054701591666269,225
0.0,0.27596600389110776,0.0,-0.05089636257074988,0.005828945391785589,0.0,-0.06947131310890582,-0.08705986298258347,-0.052408839793459255,226
0.0,-0.08224199323822007,0.0,2.0706491819709387e-05,-0.021288577142161393,0.0,0.015519068385897915,0.05836789627124113,-0.08671302157109004,227
0.0,-0.030372602877666466,0.0,-0.08192578597214978,-0.04761380475773803,0.0,0.0262561329001925,0.05964287297271047,0.08508979621679723,228
0.0,0.03904648499288896,0.0,0.026536234939962846,-0.09104618015001811,0.0,-0.013427916218630416,0.1693211862009976,0.09262154022415925,229
0.0,0.12361307218062179,0.0,0.019731570740559562,-0.051150695567449875,0.0,0.061577114977114156,0.1401386700588923,-0.013944627568099955,230
0.0,5.279588565972928e-05,0.0,-0.14438548161335418,-0.22172546701749998,0.0,-0.12207124259141587,-0.10481482795990896,-0.014778031881747153,231
0.0,0.14524675344707455,0.0,0.030047435961082836,0.004466521758998518,0.0,0.10391117874202688,0.05745486444670719,0.06704806172412126,232
0.0,-0.15537587660160646,0.0,0.037640952609751664,-0.0781861810513179,0.0,0.11254347844147694,-0.01643024454618329,0.16426729532559636,233
0.0,0.0638391925608383,0.0,0.06031874310823431,-0.039355019167518594,0.0,0.004091917539572113,-0.07265312647261403,0.07408243454201259,234
0.0,-0.02285999153400186,0.0,-0.25623336587953105,0.005024720983276824,0.0,0.07846042878980239,0.020256954520192123,-0.026289082920826767,235
0.0,0.054711911517521,0.0,0.11143216946688722,-0.030955214807688022,0.0,0.04384757388097273,0.043050838580626784,0.067286123596682,236
0.0,-0.03540407109410238,0.0,0.01018562952619867,0.19947488293627363,0.0,-0.146752526575244,-0.04044385694148531,0.005088770185601807,237
0.0,0.024395319790850026,0.0,0.14898634386020823,-0.1560161460371721,0.0,-0.010325476014904739,-0.17460397567650113,-0.017585440443207118,238
0.0,0.002088648829596179,0.0,-0.12601647651725803,-0.0020416032598644523,0.0,-0.03177150967562341,0.13497496275550686,0.05576910607251245,239
0.0,0.02465047784320049,0.0,0.11401490385212665,0.10764747804993413,0.0,-0.08108575112103383,-0.1663827814086195,-0.02340198591069814,240
0.0,0.09873345165891019,0.0,-0.031984752325484395,0.0607817607657247,0.0,0.20895387216947736,-0.07071863358266457,0.018474057889572446,241
0.0,0.0006799844559997769,0.0,-0.03574454228104272,-0.030833069106434543,0.0,-0.22118619113295068,0.015030393340697196,-0.14239571524501451,242
0.0,-0.042924442029866186,0.0,-0.15981243518837476,0.031919449695777195,0.0,-0.13631740045928106,-0.05872571964555417,-0.06619821777966091,243
0.0,0.001914777741575206,0.0,0.0487872284871074,0.1165098369033244,0.0,0.07197579421481819,-0.13401225128981942,-0.09564363768180088,244
0.0,0.1484116028535965,0.0,-0.03130580305231544,0.019444031937178367,0.0,0.06045153263553668,0.09659075763739779,-0.04520903328330804,245
0.0,0.02658782296520485,0.0,-0.0066132614625822456,0.19744985769572537,0.0,-0.035834015202122226,-0.05304106764186703,0.07441919714999368,246
0.0,-0.0649373038321426,0.0,0.14196030045136374,-0.06268766115890342,0.0,0.10075136898369222,-0.0004905390118266212,0.07906255991627686,247
0.0,0.08925973382993092,0.0,0.07307641190665246,0.058211426964188906,0.0,-0.04070363129267805,0.056056699037632066,0.010589445311523425,248
0.0,0.19764405845154856,0.0,0.1617212574968624,0.03966615851498228,0.0,-0.133031362573899,-0.039866830189906874,0.09216501119244594,249
0.0,0.15111549302473476,0.0,-0.0012088947846054562,-0.06055084144256695,0.0,0.08868873900973004,-0.09774816874616302,-0.26042138566271344,250
0.0,0.043673855173350956,0.0,0.12357821918221541,-0.10758892587874706,0.0,0.11925075124779749,-0.11897064399436849,0.03196518259189773,251
0.0,-0.00815226731016459,0.0,-0.048722856411355236,-0.018139520243275017,0.0,-0.10872459388628027,-0.12829428553955305,0.06793732829565034,252
0.0,0.06663125009092119,0.0,-0.17258067287905968,-0.08724560779810761,0.0,-0.09811655311396816,-0.06951491621270967,0.04620608932518965,253
0.0,-0.025153888604449573,0.0,0.14223698616985078,0.10485769722813403,0.0,0.008531814256502407,-0.10647940069097146,-0.08304444065565653,254
0.0,0.04183982208886838,0.0,0.06504500925361392,-0.0934132357080415,0.0,-0.0998060627314413,-0.06956254506900238,0.025020020625169448,255
0.0,0.3109918556005361,0.0,-0.018319661872038786,0.0794685685495006,0.0,-0.03206676255571917,0.17474690714064364,0.02300707591914021,256
0.0,0.06659242520544614,0.0,0.08389405004696122,-0.06905318340350784,0.0,-0.1100154232971695,0.027206731366078835,0.07789365035121142,257
0.0,0.16744924333475375,0.0,0.06687416555925127,-0.07561246759514695,0.0,0.06955377575657776,0.10244287820869913,-0.029396694766418225,258
0.0,-0.15178737466808095,0.0,0.08903831635197862,0.08427016783435715,0.0,0.004977368718096008,-0.020413976531514597,-0.0660321139473447,259
0.0,0.04209729443893898,0.0,-0.05260348426675804,-0.179718965446333,0.0,-0.04788374560084042,-0.08115931272765844,0.06934789119139938,260
0.0,0.1059936384046622,0.0,0.06835693232004776,-0.15763696482675665,0.0,0.026125053123385606,-0.02145909631828729,0.014338846734225108,261
0.0,0.04086528114806709,0.0,-0.13526702858435344,-0.12489314569377001,0.0,-0.06292633936927887,0.10944918403710795,-0.05358014630522978,262
0.0,-0.11165244399486592,0.0,-0.015589817793666753,-0.10893554108280148,0.0,0.050178273616754504,0.18250866408320032,0.14484992298929264,263
0.0,-0.13260476860820383,0.0,0.026028050658288615,-0.1026118197385278,0.0,0.03437878815498854,0.01003417494435583,0.0032796995411586514,264
0.0,-0.023040071420576735,0.0,0.08901984111247868,0.11393615373569072,0.0,-0.09295108601924101,-0.20958419762094577,-0.06500239344068982,265
0.0,-0.14496452196985302,0.0,-0.10039573720814986,0.05633466938488587,0.0,-0.07217375533372533,-0.030321217880104622,-0.05466800845872654,266
0.0,0.16734520902985373,0.0,-0.12995812369275977,0.04281494690465751,0.0,-0.11482632887526184,0.08977484996982067,0.15379319184125528,267
0.0,-0.09175028210142637,0.0,0.0271495310825648,0.0031643780468484164,0.0,0.039069592092814416,-0.08036325626223186,0.10473177066214484,268
0.0,-0.022939074406802776,0.0,-0.15311075025557222,0.06228528803480941,0.0,-0.0062191016999311,0.09825499222277992,-0.03340772309799405,269
0.0,-0.10196643386921156,0.0,-0.017435425790283586,-0.038713507898134734,0.0,-0.01314725956716678,0.062059065013946306,-0.043676423723821745,270
0.0,0.17495839042054206,0.0,-0.12922626951056188,0.061996610208406,0.0,0.026348721533105957,0.031757628503520485,-0.0234407800316322,271
0.0,-0.06905410523162595,0.0,-0.08318222082304448,-0.05840833680916028,0.0,0.06820520657126199,0.15570483471414603,-0.0580053241370043,272
0.0,0.049968511030293386,0.0,0.007595526791608741,0.04099535350675444,0.0,-0.12376624223272979,0.06846428885017138,0.08872908372667421,273
0.0,0.003793783544760203,0.0,-0.02093138195793616,0.11033601549324468,0.0,-0.07859860326349824,-0.15891025077460613,0.030381859560487574,274
0.0,-0.0230866373844769,0.0,-0.1338605799723249,0.060919309519986656,0.0,0.17193779062072967,0.24119367099268652,-0.0766656587783348,275
0.0,0.0859587886979802,0.0,-0.004541121793223822,-0.05100538993468894,0.0,-0.001383774609423725,-0.0867855860341789,-0.049312282239977204,276
0.0,-0.12565068942792565,0.0,-0.027896293033180853,-0.02979246556687297,0.0,0.03400512945688904,0.10454981462335886,0.09681846605328612,277
0.0,-0.061223673450775035,0.0,-0.08254105299789552,0.2837509253176002,0.0,-0.13510743662080213,-0.16942345816253068,0.04818660617184915,278
0.0,0.054888383531736445,0.0,-0.012545426000290023,-0.00022846878322246855,0.0,-0.22193003727475352,-0.14155120316653177,-0.08514064342603136,279
0.0,0.29852590026034104,0.0,-0.03135296861723979,0.08716197979760922,0.0,0.04200944904518413,0.1494678637086747,0.20565435648295416,280
0.0,0.04736320768114545,0.0,0.05555126463422483,-0.10440983859550536,0.0,-0.029508991423790633,0.11792398090293915,0.09184544439424139,281
0.0,0.005493411099984873,0.0,-0.12585049106753346,0.0005188008112528911,0.0,0.24267164863455226,0.09214802946349222,-0.13776175007542374,282
0.0,0.10213832954293985,0.0,-0.15859833122379585,-0.2383326349409179,0.0,0.03896141773709039,-0.052532688078515265,0.05346290861224354,283
0.0,0.00033755065971609994,0.0,0.09242701395378299,-0.1648289277187721,0.0,-0.09254246260595873,-0.04281573075765763,-0.08953463223630242,284
0.0,-0.09958153947902292,0.0,0.08584511166566654,0.013508748585771814,0.0,-0.1448591414633544,-0.08966848298248153,-0.005020461704174479,285
0.0,-0.11119670257741637,0.0,0.0996858773465808,0.062401685115280256,0.0,0.03721054726068629,0.051940915615453304,-0.005312065301754535,286
0.0,0.10964692338108838,0.0,-0.13192471945987674,0.01957628719906661,0.0,-0.00635245746153551,0.10519727255576207,-0.045730165508679005,287
0.0,0.005802273480839523,0.0,-0.22468893339846052,-0.11343991726048037,0.0,0.12000789564268613,-0.06686643120501165,-0.1876552706041874,288
0.0,-0.06353623888256293,0.0,-0.06243453897132241,-0.10832810912496918,0.0,-0.22055660570990693,0.046104603849505724,0.12748750412787221,289
0.0,-0.11376856704248167,0.0,-0.0006521315229458063,0.03490562336766206,0.0,-0.07341737987784958,-0.005162582148250352,0.045728040461524115,290
0.0,0.07045065398247231,0.0,0.008382662792936094,0.14078506191117207,0.0,-0.08610879101735705,0.13032009514444223,0.06979032725390276,291
0.0,-0.04794929673992434,0.0,0.04631847952675847,0.023082291680295085,0.0,0.16999573745763807,0.18182485590081965,0.019063559126502434,292
0.0,-0.10325239035275396,0.0,0.18093063497331102,-0.003277197728533996,0.0,-0.06520888885930608,-0.1625135260624309,-0.07847619081277035,293
0.0,-0.1405567019178642,0.0,0.09022771737866472,-0.01840336402536763,0.0,0.051079208852759475,0.10046553271868473,-0.06578345538521371,294
0.0,-0.10919339003953131,0.0,0.01718393397935312,0.09141620894994426,0.0,-0.08950698422766047,-0.009272152013572739,-0.09483480042242008,295
0.0,-0.13671378064602457,0.0,-0.12325233147685091,0.06210356735969357,0.0,-0.0696771818429575,0.03944726318796415,0.026044226333355597,296
0.0,-0.10085546840762082,0.0,0.03496500472996937,-0.20578120972694589,0.0,-0.026344821608224912,0.046804756418384344,-0.03020454994898642,297
0.0,0.07318707042882956,0.0,0.03161559571827783,0.06091276087284038,0.0,0.0756788679986982,0.055934517100662114,-0.10166831285764973,298
0.0,-0.003930728762763119,0.0,0.03338599665685347,0.15578291647042947,0.0,-0.13122191934314062,0.05623089747708796,0.13289333195354097,299
0.0,0.1090980425185967,0.0,0.10237095461069814,0.038285258226914275,0.0,0.01448878330968912,-0.004113680597609443,-0.03514142357137325,300
0.0,-0.08184286659420015,0.0,0.04998641237403714,-0.0989822356359149,0.0,-0.21000265076516242,0.009532843281653297,0.08852314829889911,301
0.0,0.012354769595558234,0.0,-0.05057467042619367,-0.08589619375604521,0.0,0.19625871905307948,0.114274261045309,0.10114630354083563,302
0.0,-0.0742484232538384,0.0,0.1230874513154735,0.14827155970037348,0.0,-0.08798143535020543,0.14492955560644322,-0.053097089781196455,303
0.0,0.03423378344896215,0.0,0.08539759765522237,0.09072153056238044,0.0,0.004351466864346608,-0.030980064521711335,-0.25295600776943034,304
0.0,0.0241321934916781,0.0,0.038632331781156,0.013711916963476792,0.0,0.15730197252148564,0.011060912191943634,-0.015083771156669533,305
0.0,-0.04516594761596227,0.0,-0.07582820688875902,-0.09760860078129024,0.0,0.06295295842218109,-0.02391295252043582,0.08953554307625997,306
0.0,0.02531652380379812,0.0,-0.003361256470371301,0.015142808458609835,0.0,-0.01964665834280972,-0.05457484855406629,-0.0746578346540239,307
0.0,-0.15486182988637467,0.0,-0.028487549336967084,-0.026962477837686533,0.0,-0.006176419986012893,0.07608168140883953,0.08745170741325226,308
0.0,-0.12032008553891445,0.0,-0.04872029211949272,-0.04658715151643775,0.0,-0.12961166642498945,-0.09110681761342561,0.018142662011397137,309
0.0,-0.05574230531083212,0.0,-0.09266983088473107,-0.02263203388527473,0.0,0.057312781324120016,-0.16824857519959932,-0.035962967245246245,310
0.0,0.018383451632250438,0.0,0.034980002456790754,-0.13747339203809347,0.0,-0.1776246333466452,-0.10826679026336072,-0.08330560570007588,311
0.0,-0.054954027459553495,0.0,-0.06355578414044034,0.18787713616804944,0.0,0.18325570434792018,0.17158979340773323,0.04820667273353862,312
0.0,0.03937972982162516,0.0,-0.027888339415075653,0.05909348346225601,0.0,-0.1405189846803575,-0.0018043458609477599,0.17041055162554913,313
0.0,-0.006200400936603175,0.0,-0.036650702036805184,-0.18154249444870216,0.0,0.1562888768508198,0.02659780327927187,-0.02433839793750181,314
0.0,0.1904136589573007,0.0,0.2218780233448134,-0.0305648018547272,0.0,-0.15166425494207914,0.04615545634061807,-0.11677795512679351,315
0.0,-0.10973025276328441,0.0,-0.08372624310497004,0.027963683270343577,0.0,-0.05482687949250771,0.02273244162383943,-0.11048627930625202,316
0.0,0.12179591523055584,0.0,-0.07179188907476018,-0.0565429597600131,0.0,0.01941076309533577,-0.02842144143104415,0.04838766511880398,317
0.0,0.0681359510442948,0.0,-0.030780847113888413,-0.11257533547462718,0.0,0.05348173363459102,0.1219849725567348,-0.06373077470287948,318
0.0,-0.2087027018602069,0.0,-0.0031058932870901956,-0.10328068054373873,0.0,-0.06677795564688863,-0.004048425070341248,-0.01873290184063747,319
0.0,-0.21207001526350663,0.0,0.04576865860535521,-0.27599284158735954,0.0,-0.05262478565174211,0.10430810015019773,-0.03850218117128637,320
0.0,0.014125714008746324,0.0,0.07682072166317373,0.03984711398777088,0.0,0.3926237706436327,0.009002597049233035,0.17246966497611085,321
0.0,0.02873289044030093,0.0,-0.042423633339804354,-0.02625500415860638,0.0,-0.15171736966716792,-0.00019583528567450326,-0.041619440488525394,322
0.0,-0.045001285799581375,0.0,-0.053533508701622316,0.018875908485040286,0.0,0.07579218499236196,0.16356895704133959,0.18486088332964115,323
0.0,0.06686548047579066,0.0,0.12958717818630144,-0.09329664224152195,0.0,-0.01946972961166817,-0.010995372599823992,0.009175248444837287,324
0.0,-0.011622904312195818,0.0,0.15781180575621845,0.15037983983604242,0.0,-0.04555395260238707,-0.07371014432546591,0.09553005582377529,325
0.0,0.1472670675750982,0.0,-0.022954865536034708,-0.10082369395005604,0.0,0.09965705105794473,0.01563007533238693,0.06404797952008238,326
0.0,0.03240570282215607,0.0,0.008520944963390106,-0.3082955433044862,0.0,-0.16304732437151404,0.0825897792528339,0.07774073527645113,327
0.0,0.15210062271593802,0.0,0.17473631979155582,0.09662753441139452,0.0,0.11356201471829441,-0.09406254100731423,-0.08245141615276735,328
0.0,-0.052897770806401526,0.0,0.12230830670953251,0.04400908787963917,0.0,-0.057035136641368056,-0.19542237716769917,0.02700573583914221,329
0.0,-0.006863404608546861,0.0,0.1987275999230808,0.14005959490128517,0.0,0.12637066776546688,-0.015061552386933574,0.054347937867009304,330
0.0,0.026402008133367003,0.0,0.07324921027798023,0.10836340625173466,0.0,-0.09600462952794638,-0.04740471207106818,0.009337237427665124,331
0.0,0.24116766755784214,0.0,0.06021183203924835,0.03650337023956657,0.0,-0.09519184600222357,-0.021307347644006904,0.025775254014275068,332
0.0,0.033417641724489744,0.0,-0.19078075578773912,-0.06195376826225085,0.0,0.18876876573401905,0.08442096382848725,-0.13354815690998914,333
0.0,-0.15473039889383655,0.0,-0.04711246518178786,-0.08567592118901274,0.0,-0.128716356858425,-0.2116243376767793,-0.058359932634600487,334
0.0,-0.15193460754768426,0.0,-0.04511588584089988,0.036329093918376895,0.0,-0.0463161362085399,-0.019282589496065056,0.11539007342557472,335
0.0,-0.03885207751830093,0.0,0.04492187212850343,-0.06902702365544822,0.0,-0.24883273534129896,-0.14948513043049805,0.04535087125544674,336
0.0,0.005898422158959738,0.0,-0.0342549200857765,0.03501512595105846,0.0,-0.020661127969604665,0.05825121940497559,0.01569729609684342,337
0.0,0.022421640429079303,0.0,-0.20499412785774782,0.10220543846127918,0.0,0.04254899332402303,0.0887357102910657,-0.1371673697230466,338
0.0,-0.028854869587570484,0.0,0.17349365758368085,-0.1676748605257784,0.0,0.02043890316029768,-0.12588821625495905,-0.039568071175626385,339
0.0,-0.033286040438251126,0.0,-0.05293321124483709,-0.08204956788460437,0.0,0.17549330716472417,0.07992173004789771,0.022526411724754954,340
0.0,-0.12693304965466992,0.0,0.020232879642280203,0.14201240541097607,0.0,0.18180619225578248,0.16959442931062385,0.05530400858523585,341
0.0,-0.024852861807444938,0.0,0.014035986984804696,-0.18861381850180314,0.0,-0.01858457521927473,0.021585471117349264,-0.005658848889989584,342
0.0,-0.1951101864038625,0.0,-0.1817979225387155,0.08158562434233872,0.0,0.041960997202411816,-0.02482262456999061,0.1279464931657751,343
0.0,0.05835443030118877,0.0,0.05798572852951322,-0.14340842581422109,0.0,0.16494808943239211,0.14750420532761616,-0.07296024698074095,344
0.0,-0.12931415437586477,0.0,0.045060341286253885,-0.16378734254141114,0.0,-0.028313889674376716,-0.0837432233234915,-0.12094769354188054,345
0.0,0.02514736089405121,0.0,-0.0755791500158363,0.12289484915615792,0.0,-0.04835614838465371,-0.0633668827799237,0.04912076654119963,346
0.0,-0.013939720066323416,0.0,-0.1909356087507293,0.1015985724789324,0.0,-0.04114931445621803,-0.02669811377891395,-0.003757064497948127,347
0.0,0.1494938227453236,0.0,0.044300213044737524,0.01878073355711256,0.0,0.04734718990352285,0.02181174400410706,0.08467707752164938,348
0.0,-0.0099094300241269,0.0,0.04322629506341555,0.06472450395471523,0.0,-0.07121738641760436,-0.07093596937880697,-0.08966422273152082,349
0.0,-0.036920720044744615,0.0,-0.037482205662180614,-0.08656386405903102,0.0,-0.12374266382225725,0.007946210643082194,0.13286408282482312,350
0.0,-0.060650338821573974,0.0,-0.04590903102189918,-0.0844529191811867,0.0,-0.17518288067517193,-0.10353365077880869,0.015805348992013187,351
0.0,-0.041596692794735865,0.0,0.06082461916849685,-0.15007680440341817,0.0,-0.10022170189267249,-0.1666696861639212,-0.1466785190615677,352
0.0,0.09753124584779789,0.0,0.09784221120280351,0.07654410226079233,0.0,-0.03307892243275574,-0.04468136024348217,0.13305749040390402,353
0.0,0.08936976893891109,0.0,0.18296202017160873,-0.0018317747818283325,0.0,0.22816518365388427,-0.02422450289544855,-0.153504024753236,354
0.0,0.07127120288613313,0.0,-0.037231905293792285,0.11691612677253957,0.0,0.04254448641841723,0.08400708361342106,0.12788658133133932,355
0.0,-0.06769951384585314,0.0,0.08301918118626102,0.07514709672198945,0.0,0.11834936668899279,-0.012111496157751159,0.16672241115511371,356
0.0,0.07356219972457467,0.0,-0.1656623207677774,-0.019237141151760777,0.0,0.07214793237573433,-0.04964257078310883,0.07574951493374855,357
0.0,0.06952029000839993,0.0,-0.09878733409007492,-0.15095002491964743,0.0,0.07793490039053325,0.012645174116652719,-0.04179095457658906,358
0.0,-0.10708524186844388,0.0,-0.12804555710024668,-0.02056695151392191,0.0,-0.12549226680022926,0.0011011845708895525,0.09379155375106552,359
0.0,0.28684030556667683,0.0,0.10587285298838789,-0.0684983965797451,0.0,0.04413071516992459,-0.04764845990695291,0.022899639245934026,360
0.0,0.06032475005713938,0.0,0.06386601686431025,0.14816097370407016,0.0,0.014808941979827621,-0.10711098360191497,-0.0712220763649051,361
0.0,0.14363354057059785,0.0,0.004600274725327412,-0.06491503075365251,0.0,0.06654168236917787,0.1899971088927552,-0.0878323077179739,362
0.0,0.02314459225255723,0.0,-0.021566763754763234,-0.08545599915523909,0.0,0.07211353625455817,-0.01534149751585688,0.1355442801105496,363
0.0,0.013429649724779289,0.0,0.05540577711159072,-0.09479701252753112,0.0,-0.21523835446091805,-0.05310204001953876,-0.15614932224418596,364
0.0,-0.03301200939664503,0.0,-0.06277339060845057,-0.006641576547571353,0.0,-0.24878086565350796,0.04001501418597536,0.03380234811017082,365
0.0,-0.1075312393049238,0.0,-0.09455068799427313,-0.14044440730297617,0.0,0.03385528762859143,-0.07266856846304165,0.0216624975404619,366
0.0,0.11008213984226052,0.0,0.053200619882194315,-0.00165416907300759,0.0,-3.136726117747121e-05,-0.10246837249742037,0.04494739128323069,367
0.0,-0.10147594931858522,0.0,0.041644603810145266,0.015889763052303812,0.0,0.1121857856230471,0.28374298751678156,0.019613145902390734,368
0.0,-0.15489605250534752,0.0,0.11038773433162577,0.06417461617359627,0.0,-0.058927165178930624,-0.10357093292201035,0.08347513263248822,369
0.0,-0.15457297866907332,0.0,0.05740712208940013,0.18411455824722966,0.0,-0.1365824155415439,-0.05193244225201546,0.05027844268951942,370
0.0,0.07060789138151316,0.0,-0.10263692076658922,0.14596290610767507,0.0,0.16284685547723218,0.0923706497718667,0.15905820726178505,371
0.0,-0.013699548944245826,0.0,-0.03409078773460798,0.001776900930888066,0.0,-0.059381140806870514,-0.03756540131434119,0.00785770297191498,372
0.0,0.04581681147886987,0.0,-0.11533324032057451,-0.18237074980491425,0.0,-0.13554475031122892,-0.05675592607411073,0.19532591375265684,373
0.0,0.017775010626803135,0.0,0.013106518621584873,-0.05387764220082917,0.0,0.1450927548279212,0.179863712000663,-0.1682658694122686,374
0.0,-0.02798103423770061,0.0,0.050596555345586526,-0.06758461279202736,0.0,0.11905485943435962,0.10482386605315597,0.10269862633197323,375
0.0,-0.056394748805824325,0.0,0.007814306296964744,0.10640223458802903,0.0,-0.15769964821909974,-0.14595135390852737,-0.007397286359437804,376
0.0,0.19725421767898083,0.0,0.05055892418358746,0.15203703335161486,0.0,-0.04043974231839613,0.05290866084661418,0.0569760357198647,377
0.0,-0.009884520123930606,0.0,-0.25322460852196854,0.08843051867969812,0.0,-0.02224748967782654,0.17216453304315585,-0.06749340187905523,378
0.0,0.1991553302204734,0.0,-0.05501152829365389,-0.11599238575187243,0.0,0.02078025073533134,-0.13957633413054538,-0.053216856312718955,379
0.0,-0.007722104522304558,0.0,0.04182057558879721,-0.19960578672230178,0.0,0.02525688459966235,0.1641029000544291,0.04441983272906719,380
0.0,0.046654531145012695,0.0,0.05222506360177786,0.006936705591228479,0.0,0.0889037122279892,0.04826527241279524,-0.1276304416538336,381
0.0,0.02927154821418534,0.0,-0.061412256500831625,0.03498829540191714,0.0,0.06954024745502987,-0.09018756094326491,-0.011150882714294371,382
0.0,-0.03876999164085612,0.0,-0.04776455826040052,-0.15007843979767213,0.0,-0.056060763684731,-0.243515153616561,0.2052972024501663,383
0.0,-0.03763007249249961,0.0,-0.11716543473175618,0.15046646447692633,0.0,0.015669372824652462,0.1147558508110828,0.017528677893392387,384
0.0,-0.04118233689636573,0.0,-0.04545477187434442,-0.06873150163620607,0.0,-0.008087849786546131,-0.035130468188751166,-0.1060605066396601,385
0.0,-0.12845842656999693,0.0,-0.21056469418403245,0.09717712558195478,0.0,-0.03021805869826214,-0.2850468019308899,-0.03613105619672905,386
0.0,-0.10105982199289135,0.0,0.15301951988633514,-0.017733161443438894,0.0,-0.15975991695954322,-0.10407668582205974,-0.021345677935043827,387
0.0,-0.0535316712567659,0.0,0.19351540400602293,0.14275791019896034,0.0,-0.01831504710532947,-0.0016709003242938447,0.11806409124521447,388
0.0,0.004522270899998257,0.0,-0.0501784192811532,-0.0598403931860009,0.0,-0.006100397185538356,0.0289078773440708,-0.053360030643916694,389
0.0,-0.08767737812118448,0.0,-0.17476365098282617,0.023405638743227836,0.0,-0.07955570679408824,0.05540026451007152,0.12795186697601588,390
0.0,0.05027448074908147,0.0,-0.09656648035232081,0.09301117609696405,0.0,-0.11738799644089726,0.005627750360897216,0.2067906338163552,391
0.0,-0.10513099116393446,0.0,0.18577023435377327,-0.04896971456995672,0.0,0.20958435018091592,0.2670411238189642,0.0678946987762233,392
0.0,-0.0049029340838036735,0.0,0.033085130461557775,0.2194082375546429,0.0,-0.10773760769847583,0.10551422682302389,0.03131321400131553,393
0.0,0.1466540859278603,0.0,-0.0035825578706462934,-0.03991140295129839,0.0,0.03467099776049199,0.2006213332049378,-0.18400777445057528,394
0.0,0.06405429350747735,0.0,-0.011312805251574042,-0.13135465949284095,0.0,-0.07567639770159264,-0.20745200186051183,0.11945922205137308,395
0.0,0.0051660976851079805,0.0,0.10743180127155615,0.017908843577178646,0.0,-0.029748220087385015,0.1305265862300846,0.03207857259326839,396
0.0,-0.1270061088712032,0.0,-0.08319549174944513,-0.020855552144226956,0.0,-0.10662349318992251,0.21642461019532128,0.13313390619884033,397
0.0,-0.12228950195555639,0.0,-0.12935076252040958,-0.10284768441948446,0.0,0.12395840064415616,0.04735366912677705,0.10683793336940164,398
0.0,0.2303638752104789,0.0,0.1259233239786799,0.06290378203190894,0.0,0.10071333364731597,0.06593816066318,-0.02274762599534078,399
0.0,-0.0719109451449186,0.0,6.82818957482628e-05,0.12858232974461786,0.0,-0.07798529462216389,0.029769195671825052,-0.13495762115515322,400
0.0,0.003402741107223205,0.0,-0.017909328501615626,0.03960929086789162,0.0,0.073463754545933,-0.07914030747591737,-0.02841550979287972,401
0.0,0.08946471875738723,0.0,0.03514799003522017,-0.20498625633812728,0.0,0.1897767016745977,-0.04807989764926493,-0.08343230454915822,402
0.0,-0.1542801515209646,0.0,0.05964411375817527,-0.04936938875485224,0.0,0.07441857103150346,0.08126068063659658,0.02668183962954019,403
0.0,0.037006111526895535,0.0,0.045780560992578476,-0.025835557008527715,0.0,-0.0989957792552014,-0.07148410292971372,-0.08110008636288449,404
0.0,0.025866114785538814,0.0,0.07828737349485726,-0.024800332560478516,0.0,0.05507975722736633,0.03761140477603103,-0.08256536828021421,405
0.0,0.036414029605466136,0.0,-0.20864776583710848,0.04736391179529091,0.0,-0.036003926875698276,-0.0741420809459125,0.03733485597113982,406
0.0,0.11927351654164145,0.0,0.07313802525749924,-0.024416900209697043,0.0,0.033868731792169,0.1470242791776991,0.08723153800284504,407
0.0,0.08201581867554845,0.0,0.0072874098015515395,0.036574909203169144,0.0,0.1191707497107065,0.00011238940595049984,-0.11195461283831687,408
0.0,0.01786947168104756,0.0,0.06030946849488336,-0.08213856395408378,0.0,0.026477531097797963,0.13282008106381765,-0.015171443357722914,409
0.0,0.08394685045184047,0.0,0.10573683053782251,0.11134348740525113,0.0,-0.05717460419560614,0.04305039188611473,0.09331280723410694,410
0.0,0.10651719657143865,0.0,-0.09163209190734198,-0.041397338164499,0.0,0.030761266818919643,0.007174899111212815,0.13522026788671446,411
0.0,0.003944704824073949,0.0,-0.13158158164275072,-0.008551911734756161,0.0,0.10126374096440718,0.13819836588434653,0.32430929695947336,412
0.0,-0.018144906924751677,0.0,0.09955815140020298,0.11768462833470349,0.0,-0.17863754653546868,-0.11326268375854037,0.05827375831738644,413
0.0,0.10697714549838502,0.0,-0.2316143862968877,0.12562468009029573,0.0,-0.2018487864388638,-0.038471990891953654,0.07931756882186775,414
0.0,-0.045784838618248926,0.0,-0.037058276240078285,-0.22745046571277178,0.0,0.05212799050138145,0.058901143547041304,0.016805980596682025,415
0.0,-0.018150316213566716,0.0,0.017847666388538973,0.12806246028532545,0.0,-0.058592767331775535,0.05332306314326467,0.12528426344274837,416
0.0,-0.06922503292658964,0.0,0.010343812930810638,0.21134667056979003,0.0,-0.0022278979183713316,0.030928851771148944,-0.001109200394860206,417
0.0,0.08232799156777054,0.0,0.0017613251933657316,-0.09339907755550074,0.0,0.06647027453331099,0.0063598959554619985,0.10018248536819373,418
0.0,-0.0782003492511037,0.0,-0.17710685530880912,0.04785876811916687,0.0,-0.12284438312657626,-0.2597089934061651,-0.008606969279089306,419
0.0,-0.032669621318636405,0.0,-0.117223375343664,-0.02440575576886623,0.0,0.03163583215361448,-0.0695333397539886,0.018106274277108234,420
0.0,0.05861658003927833,0.0,0.02571989703559274,-0.07095586759048692,0.0,-0.03256110521485036,-0.02203469531688313,0.021209335307417525,421
0.0,-0.10158788269899784,0.0,-0.160027110450371,-0.11144031040781084,0.0,-0.0892787515491884,0.016864927009773927,0.0034713748752561863,422
0.0,0.06549755842216898,0.0,-0.09938626748348534,-0.02199168989064923,0.0,0.00976703767483354,-0.18530175146427333,-0.1793106452534577,423
0.0,-0.012372894627483616,0.0,-0.11840305582225595,-0.07974441320650785,0.0,-0.004489303012253698,-0.006999650160878286,-0.0670115200454233,424
0.0,-0.11761733365547807,0.0,0.11818910929599616,0.000729586945987154,0.0,-0.05282970466629792,0.03267276085394788,-0.1422974925261673,425
0.0,-0.039755776549172145,0.0,0.03797676360408961,-0.04952893213262607,0.0,-0.06143231440962944,-0.06129069043771802,0.09788895585567792,426
0.0,0.16087808557343736,0.0,0.1090861670603698,-0.031103245760889985,0.0,-0.1433151814524712,-0.09251439362015851,0.04936548476431509,427
0.0,-0.11071568168024518,0.0,-0.015129922023252232,-0.0959444533951006,0.0,-0.07239903317426091,-0.06431687640432249,-0.04519493719118777,428
0.0,-0.00070449854805547,0.0,-0.037185788227866556,-0.07889813097733518,0.0,0.1653617268492285,0.11499755154549365,0.0996118214911129,429
0.0,0.01577614392937695,0.0,-0.14769249275319016,-0.08881145603705025,0.0,0.09500158286696457,0.008656585756078219,-0.1532700559889931,430
0.0,0.030170000890173555,0.0,-0.1843793583480746,-0.14810878190326326,0.0,0.053629090951719,-0.2038354848711021,-0.016212397547985844,431
0.0,0.08496119885162132,0.0,0.058257131880880525,-0.15374579400942326,0.0,-0.0393052757061401,0.13321198070175508,0.13934545275244314,432
0.0,0.04293408228017344,0.0,-0.05561187467607806,0.010296823396990206,0.0,-0.09425580057918764,0.11250457343208806,-0.03220281544920584,433
0.0,-0.14068150094975382,0.0,-0.0736770135947622,-0.16377146906284998,0.0,0.10094717885959688,-0.09658083093155492,-0.14990159604584014,434
0.0,-0.008743532877718108,0.0,0.09495945713644882,-0.035412323565154294,0.0,0.02242347445352918,-0.08207811838787726,-0.1611567359102828,435
0.0,-0.03363869454111362,0.0,0.04624836240668541,-0.0799531293086822,0.0,0.06715311717290534,0.2107270216674375,0.08875039674140595,436
0.0,0.0060085994615163615,0.0,0.12495049007061587,-0.11477839478529081,0.0,-0.07725687487562408,0.050070338070140344,0.12302221756507876,437
0.0,-0.2390304367469438,0.0,0.09134737320174066,0.10374318632323432,0.0,-0.027999330187447977,-0.12106750444010148,0.051529432162446744,438
0.0,0.21840967333804562,0.0,-0.058064830255395106,-0.02459957545816656,0.0,-0.02395019220217498,0.10862786661316706,0.018641616974404633,439
0.0,0.18904406851557828,0.0,0.07688396759688969,-0.08404858284663397,0.0,0.031110999114319523,-0.10598590069776508,0.20152751104606403,440
0.0,-0.03971953161459876,0.0,0.034756161380355206,0.039423356980195536,0.0,0.01915773961940896,0.10894289425706942,0.14473056993918065,441
0.0,-0.10496554989099412,0.0,0.16406145634882874,0.3291081380033506,0.0,0.0242882013150275,-0.1791343693196154,0.05531491563792092,442
0.0,0.19234457948249534,0.0,-0.16891830379672618,0.018498208469279534,0.0,0.07510994545073102,-0.1754683111039291,0.0028457581183158882,443
0.0,-0.03202978045366419,0.0,0.036064789143579495,-0.15391668201518388,0.0,0.0018016872044446586,0.00014366675128950346,-0.13668583632808265,444
0.0,-0.27043916316027755,0.0,-0.04882738424515447,0.07775859826455565,0.0,-0.14055630538562866,-0.14776803440179376,0.01986800095474069,445
0.0,-0.05791241096357465,0.0,0.0696167997159289,-0.07130021098498326,0.0,0.2169936588080543,-0.12038529577028365,-0.18518427315746588,446
0.0,-0.06786430612941033,0.0,-0.07811563781311143,0.0018667058096203115,0.0,0.08021284586181193,0.0687395425806799,-0.14162270557926457,447
0.0,-0.2839078659485427,0.0,0.09567031863856584,0.020448396449592524,0.0,-0.002230028371805305,-0.06261400472220024,0.020475888240178416,448
0.0,-0.1615886787410473,0.0,0.09324348709546673,-0.003241901440910619,0.0,0.2814654444472553,0.11591764523039925,0.039330705000532366,449
0.0,0.01812511626020504,0.0,0.019484234027013807,-0.06467213713269898,0.0,0.1462195938717637,0.13702096561767266,0.09619871890718411,450
0.0,0.07499002394237106,0.0,-0.09509107296872321,0.03964579409069297,0.0,-0.0632880274884792,0.004021169302150077,0.029724427338012407,451
0.0,0.10539857711828762,0.0,-0.07047284356108839,-0.19179490883240682,0.0,-0.04459437138611602,-0.019232785989588955,-0.036311666115556654,452
0.0,-0.03883469383011584,0.0,0.06336610247740587,-0.09800910488554032,0.0,-0.19116405506517573,0.04679996377345848,-0.02243189708781048,453
0.0,0.00798014840587331,0.0,-0.038736196455281126,-0.08451560152681888,0.0,-0.01134806458821412,0.060832938518703236,0.12347519140447952,454
0.0,0.059549089763925735,0.0,-0.013216935564437185,-0.008266582043683562,0.0,-0.07788370428204348,0.1349704991289644,0.08861911885847956,455
0.0,0.02431234585128931,0.0,0.13565833858279822,-0.025322032005191265,0.0,0.1146030144142065,0.022661678738483224,0.1558789184496894,456
0.0,0.16296421311127987,0.0,-0.024269874782528178,-0.13473768168517503,0.0,-0.10398065310268843,-0.10716277958103343,-0.013731096578887962,457
0.0,0.020760335140062577,0.0,-0.10955193888455624,-0.09778335887328429,0.0,-0.07352010347632466,0.1277056418543694,-0.02430611988808665,458
0.0,0.10703651602299298,0.0,-0.01108125602790875,-0.08264508090597639,0.0,0.03379575282321183,0.10279671488105559,0.00042298589941515766,459
0.0,0.1638359732270941,0.0,0.031165285600477835,-0.1563235849201703,0.0,0.03883757292301684,-0.011964787580896455,-0.051478267491474196,460
0.0,-0.006040372919690829,0.0,0.00861108682589779,-0.06222621426682563,0.0,-0.02171310749462025,0.0272590506526346,-0.04774107061928005,461
0.0,0.008416823018569615,0.0,0.047982703536683304,-0.02342014060061514,0.0,-0.04327738835883887,0.0516627285973373,-0.029737607924310645,462
0.0,0.0986376505905937,0.0,-0.15428032182428997,0.0031299694621238876,0.0,-0.0966246319753254,-0.03898500072636181,0.04915056472467837,463
0.0,0.030698107268623778,0.0,-0.03428788615575641,-0.03387726526524903,0.0,-0.0846359719886973,-0.10910170414051501,-0.047875857152168855,464
0.0,0.23490757867007575,0.0,-0.04166253056154626,-0.02002745577342739,0.0,0.026355081195478497,0.05402788940427085,-0.24263920705352082,465
0.0,-0.04958781720101493,0.0,-0.15656480316055965,-0.3174282461939943,0.0,0.024365722370271445,-0.13376843775706695,-0.098553960072093,466
0.0,0.011053531747394013,0.0,0.04940639189755197,-0.348088587554663,0.0,-0.11260539609110504,-0.08950789782084609,-0.05380477584901386,467
0.0,-0.18593367716600576,0.0,0.05583364232117055,0.20542730041521629,0.0,0.03244586043525171,-0.2511264022330917,-0.23919562043130238,468
0.0,-0.0005560293648070566,0.0,-0.13734028889697492,0.07432367088134348,0.0,0.04197056083572659,0.04474583772224776,0.0008556080824349832,469
0.0,0.13555729357103483,0.0,0.0504483256383017,-0.21123954621591534,0.0,0.14350873992222354,0.07353790873459418,0.14532754760425445,470
0.0,-0.18418977729578576,0.0,-0.058989231775560785,0.09004821160702503,0.0,-0.15431182279428704,0.03157255739469006,0.21962231421527992,471
0.0,-0.005751775300546313,0.0,0.021066846520311083,-0.002642269683944879,0.0,0.023384802578959838,0.08363608734977757,-0.08360621521000247,472
0.0,-0.009170602414512598,0.0,0.09976320769202446,-0.020252684965702497,0.0,-0.029175863225853717,-0.00037835249163165226,0.04935602043342916,473
0.0,-0.19955317804517386,0.0,0.09294099847908155,0.026691624186655064,0.0,-0.13585740152574743,-0.23307954513655196,-0.20217986399619475,474
0.0,-0.05984375805810469,0.0,-0.00681234251679531,0.07357346247690644,0.0,-0.15118834195632136,0.08952132218305117,0.0973101561015072,475
0.0,0.020323595458603103,0.0,0.018568858041873894,0.14818816433373694,0.0,0.050860837323344205,-0.0746285803384783,-0.14840566649243353,476
0.0,0.12066081548639151,0.0,-0.10550893681766951,0.020054316840156378,0.0,-0.07925234471152126,-0.12185740520408145,-0.13656174041901495,477
0.0,0.07034279167873088,0.0,-0.15978721344948377,-0.10520607268045726,0.0,-0.019692180799688958,-0.052782422218391176,0.004435879751560705,478
0.0,0.049470565377503245,0.0,-0.040930847409572126,0.036677565799848155,0.0,0.11279089932535691,0.04878638564393181,-0.03365525898781734,479
0.0,-0.010726476581094175,0.0,-0.10766791274710136,-0.09262426287848868,0.0,-0.05955349351838593,0.12571216973110963,0.16994359830087097,480
0.0,0.06813623265753053,0.0,0.07547332980678093,-0.023124766500163832,0.0,-0.06455720720353951,-0.17431740217190042,0.05032520647495048,481
0.0,-0.031735049224253485,0.0,0.01918977358730361,0.2250235964016937,0.0,-0.06538983883255765,-0.025082572136934454,-0.004737070254443595,482
0.0,-0.09403989164843533,0.0,-0.20362205028559366,0.01242525626008574,0.0,-0.16728939013115743,-0.0014389234605461793,0.07158727446909595,483
0.0,-0.03240681752089702,0.0,0.06802203604766911,-0.05070846314226863,0.0,0.02766007655111807,0.10973007865158457,-0.059662905861173024,484
0.0,-0.052563093398538444,0.0,-0.06724855960063363,0.04953589801109373,0.0,-0.05460417988167213,-0.1263169498112954,0.013533834789229092,485
0.0,0.06460061871145516,0.0,0.20420696529278803,0.002628570221833385,0.0,0.015712791899094084,0.0005643939166021447,-0.06668487169515637,486
0.0,-0.06074722876203073,0.0,-0.06862791357550845,-0.06158434285685008,0.0,0.05852994365163381,0.10359772091052395,0.08199252526352344,487
0.0,-0.05327254982169036,0.0,-0.1357517539841935,-0.11751830368145139,0.0,0.10800560591393103,0.1545367770761548,0.048730523704499484,488
0.0,-0.08792827824119881,0.0,-0.012517442838316423,0.030387508794813986,0.0,-0.03849428884100812,0.0693590571713889,0.08761691671912329,489
0.0,-0.0061075671352376106,0.0,-0.24980610174929396,0.01503898600604633,0.0,0.026206680908672553,-0.19675322946464432,-0.03508494300764746,490
0.0,0.13697011076541848,0.0,0.12554036094598964,-0.0053354763313030185,0.0,-0.11327849512677451,-0.03982571771348346,-0.08443240371830711,491
0.0,-0.04828275908069184,0.0,-0.2230468019124459,0.07288456922785558,0.0,-0.05530898169141323,0.08853327091494881,0.11734422766324448,492
0.0,-0.03405987069098615,0.0,-0.13569355696995752,-0.06690341529020867,0.0,0.06802302084176291,-0.19311349635685426,-0.07613552698089407,493
0.0,0.009988695440921298,0.0,0.14967104074459814,-0.10377397082479031,0.0,0.11496720188787471,0.12001237749975947,0.12676515111879738,494
0.0,-0.11571166187132709,0.0,-0.15515122490589292,0.1260735997736866,0.0,0.18493621413863812,0.19898436910150377,0.11628385775349859,495
0.0,-0.11564158167438568,0.0,0.04176807522394007,-0.051316052528267916,0.0,0.03231854824582059,0.1866336007522778,0.12949855848169559,496
0.0,0.08458028725629282,0.0,-0.04611697320346189,0.09236369758089004,0.0,0.10538915522958832,-0.06729351684695253,0.028580328679473296,497
0.0,0.05533889830744268,0.0,-0.15947559581633325,0.02362317382046313,0.0,0.08811467208133691,0.049218172194556827,0.03954209853880382,498
0.0,-0.05893322314273619,0.0,0.08567024802425557,0.10394747045401564,0.0,0.10768481446576804,-0.21569044502449314,-0.11941894010922893,499
