X1,X2,X3,X4,X5,X6,X7,X8,time
0.22218066962841343,0.4024269434960187,0.5125452253936529,0.09309388734044526,-0.20955522414849045,-0.47327929628254584,-0.26311796359552575,-0.11880942734997153,0.0006877963613004781
0.32998283544135154,0.6693936060272325,0.47461920577086614,0.08561548064821824,-0.19732293067613627,-0.4916593899935381,-0.4287718425291419,-0.116684715074395,0.0025241720302599372
,,,,,,,,0.00436054769921939
,,,,,,,,0.006196923368178832
,,,,,,,,0.008033299037138323
,,,,,,,,0.009869674706097752
,,,,,,,,0.011706050375057214
,,,,,,,,0.013542426044016696
0.393886702984793,0.6735205007451479,0.8933916511659425,0.5287556368301749,0.12356242706776512,-0.4792968093192199,-0.0037831865357999053,0.13131166670210925,0.015378801712976157
0.5541718886801726,0.8703537295603683,1.0010514092293603,0.5857692434694647,0.3292205539007977,-0.09645115399150261,0.11531204070273071,0.22074776369675403,0.017215177381935513
0.592537125439655,0.8945310436391561,0.8762828589694852,0.5259157888042617,0.2485829241455963,-0.27100532272943656,0.08292871140545403,0.20562073399197886,0.01905155305089495
0.5040859503915793,0.8056163965250438,0.7560116097374958,,,-0.045803977556021475,0.13372798937047983,0.1993309837045027,0.020887928719854548
0.3174204276291619,0.9108816635567762,0.9682910475192509,0.6454317190581937,0.24285892911503054,-0.2672296782017146,0.001784598986772773,0.26159621615038964,0.022724304388813895
0.7739381985952942,1.1193320038454073,1.1676968859202506,0.6144653404136188,0.3630670106109683,-0.32062903973056545,0.23043614684144692,0.4017066383850753,0.024560680057773506
0.7986155425709521,0.9362676430071003,1.1687883910084529,0.6741436569843227,0.3440408072944507,-0.021022486979002497,0.18614020359606445,0.4628308941278556,0.026397055726732982
0.7059678018018072,0.9855045975637641,1.1370148456856801,0.6726124339217061,0.38929052231866706,-0.10939062987783008,0.05600314931329595,0.48299289860422195,0.028233431395692253
0.7615069604107763,0.8123590855819779,1.2435111339877636,0.8179274989800086,0.26670187445362803,-0.02987572509798028,0.3621909859397179,0.4928802508296983,0.030069807064651774
0.9921041364696583,1.2316555785891037,0.9929971815456755,0.6033814401573345,0.234985562605924,0.05015988202723494,0.24919464387636783,0.3551983416404927,0.03190618273361128
0.8154129385204363,,1.119798708736166,0.6516014593770498,0.16918784249880586,0.11346475428238606,0.39987929868274263,0.732970943680575,0.03374255840257062
0.9165291672138989,0.9721961079818149,1.0852303828233156,0.7813272570399251,0.41345950876990567,-0.11836487370208429,0.3357627641441965,0.6499883941809809,0.03557893407153036
0.5896138985942455,0.8980141371062333,1.2752244001671174,0.887088262755638,0.3548650404280711,0.09219918561927268,0.4324469460036253,0.5824017328857443,0.037415309740489566
,,,,,,,,0.03925168540944924
,,,,,,,,0.041088061078408275
,,,,,,,,0.04292443674736798
,,,,,,,,0.044760812416327525
,,,,,,,,0.046597188085286505
,,,,,,,,0.048433563754246185
,,,,,,,,0.05026993942320549
,,,,,,,,0.05210631509216549
,,,,,,,,0.053942690761124436
,,,,,,,,0.0557790664300844
,,,,,,,,0.05761544209904376
,,,,,,,,0.05945181776800293
1.330841569412665,1.332174196150133,1.449871682543419,1.0670951011122607,0.7652647774255723,0.5863619898256114,0.9480055496257874,1.0924261013402905,0.06128819343696285
1.293878311506657,1.3008214736555206,1.5494712764574206,1.0600116776684592,0.524071165569433,0.48678766151742486,0.8926570105119579,1.1778414761980485,0.0631245691059222
1.337578791878325,,1.4006349877501822,0.9824550811434927,0.7613185093497042,0.3571428188342939,1.1231875559806923,1.2057837652918193,0.06496094477488153
0.9030147316003098,1.1450337836753763,1.4570434921654183,0.9781616622452808,,,1.104001303306257,1.2679061029801968,0.0667973204438408
0.6291985456310982,0.8407470070762881,1.3863831984535908,0.7612979574982508,0.7129576184291979,0.22289494353318745,1.1740968787652462,1.4468181317310531,0.06863369611280046
1.791692532785218,1.4320258835356017,1.3375194493145552,0.99743376075201,0.6239629612569997,0.6577235587083314,1.188056660688817,1.4648428428323756,0.07047007178175951
1.0539303790261507,1.080430226465997,1.4159629590625793,0.858163473055676,0.5873330725156055,0.6699173447850716,1.009578547756697,1.5378188643272979,0.0723064474507197
,,,1.0993481975575639,,,,1.1327201652234773,0.07414282311967915
,,,,,,,1.420264703818216,0.0759791987886386
,,,1.1100726703214603,,,,1.5836060090101145,0.07781557445759736
,,,1.1313928899164338,,,,1.6649313450815866,0.07965195012655713
,,,0.9731705667677284,,,,1.5988966305389458,0.08148832579551649
,,,0.8992709418254172,,,,1.7504954906744776,0.08332470146447543
,,,,,,,1.5823714324996727,0.08516107713343506
,,,,,,,1.864313592782201,0.08699745280239496
,,,1.1444969728592882,,,,1.8987005908999528,0.08883382847135497
,,,0.9836068875337542,,,,1.866672680821452,0.09067020414031379
,,,1.2053296333287162,,,,1.9457333097216383,0.09250657980927277
,,,1.1936891916725045,,,,1.8646775977797352,0.09434295547823282
,,,1.2483120169600435,,,,1.8993000537151523,0.09617933114719235
,,,1.1141582554459417,,,,1.9373140265386855,0.09801570681615174
,,,1.313720161032003,,,,2.012470634591381,0.09985208248511133
,,,1.21923656778158,,,,2.073920151594963,0.10168845815407081
2.1111803389338837,1.5011151762907657,1.6863339903496348,1.1130706779002735,1.2066092137901632,1.4290817554601762,,2.107794168628021,0.10352483382303007
1.1860176042545043,1.1628413842988534,1.8324632272916614,1.2038490613153834,1.2539834449737883,1.12230779466642,1.4468990079684936,2.223329477720779,0.10536120949198953
1.7265921424302484,1.4079965797591325,2.0169320928107313,1.3809932296438807,0.972294487018538,1.1129085876033464,1.3867573776770628,2.767356725120641,0.10719758516094863
1.3025765890258523,1.229314792928774,1.9241733912465613,1.2786652858951113,1.3581714540783332,1.2419223743644319,1.489277643868481,2.170042103707679,0.10903396082990807
1.1520391688714664,1.1764655720484432,1.6947071918175243,0.9722858528623931,1.045259456049278,1.4151866189554207,1.6590347861986952,2.443762804972388,0.11087033649886813
1.7472908914830005,1.4386076378909924,1.8737109508183811,1.3304406749989164,1.0073439878688735,1.2329602999276226,,2.2614115149960545,0.11270671216782757
,,,,,1.2808368060330095,1.6738144748583883,,0.114543087836787
,,,,,1.2773540908791687,1.8347673393106139,,0.11637946350574534
,,,,,1.3137560092564466,,,0.11821583917470571
,,,,,1.4296158679694282,1.692756259566625,,0.12005221484366503
,,,,,1.2627702136451022,2.032208684915415,,0.12188859051262442
,,,,,1.4941477177195175,1.6797480247267687,,0.123724966181584
,,,,,1.5546909146560681,1.6768378632912484,,0.12556134185054357
0.8843547502147773,1.0591270451662138,2.031101165860693,1.3711450186156415,1.2605525607235564,1.553384783146117,1.9528067564001443,2.5367638064448452,0.12739771751950305
1.6319104132644955,1.337574864758364,2.309747185960365,1.2493069518196704,1.4021874737949038,1.7534676306400894,1.796407304091734,,0.1292340931884626
1.125821527881193,1.1585102950474595,2.1313850967929917,1.50926157922579,1.7532596597612662,1.617041868187099,1.6668574695862608,,0.13107046885742157
1.7642403095041974,1.4188021895662666,2.5399206039070155,1.7514625806634438,1.2924139883526689,1.71979295237943,1.8597124901221216,2.815937432439243,0.13290684452638182
1.3170644936665021,1.2311423885180244,2.080114633512417,1.2968316488563905,1.4188000572024493,1.5780143086757588,1.888132787464656,2.730831610981033,0.13474322019534082
1.0601419362646491,1.040929838761642,2.448512536747314,1.4094743047935838,1.3018905490188393,1.832262681632982,1.916341971068248,,0.1365795958642998
,1.4937891368994674,2.4371627857609433,1.602745175143486,1.311977256381718,1.755822942122513,2.1928092178390823,2.9184940309694203,0.13841597153325988
2.095896832068793,1.5351386417064543,,1.591105507460883,1.4921203568149957,1.6142543748774791,1.9309019290549638,2.9982615397103096,0.14025234720221932
1.6715832729857607,1.383949176713345,2.4005734024183454,1.6677434649088936,1.420165362892206,1.716374385971999,2.1683884983347257,2.893279879702101,0.14208872287117844
1.4211563730996923,1.2866033429155528,2.342410480671112,1.4780572377262595,1.685884255509963,1.97959410670458,2.146149098574204,2.8753928065330157,0.14392509854013794
,,,,,,,,0.14576147420909813
,,,,,,,,0.14759784987805666
,,,,,,,,0.14943422554701596
,,,,,,,,0.15127060121597585
,,,,,,,,0.15310697688493546
,,,,,,,,0.15494335255389435
,,,,,,,,0.1567797282228538
,,,,,,,,0.1586161038918137
,,,,,,,,0.16045247956077258
,,,,,2.1336120931111875,,,0.16228885522973216
,,,,,2.1115825378362794,,,0.16412523089869221
,,,,,2.3677757399185544,,,0.16596160656765094
,,,,,2.18201568718073,,,0.16779798223661033
,,,,,2.3699350883103425,,,0.16963435790557005
,,,,,2.2072692090108657,,,0.17147073357453038
,,,,,2.314728296331698,,,0.1733071092434886
,,,,,2.171955785829193,,,0.17514348491244847
,,,,,2.394679375854506,,,0.1769798605814075
,,,,,2.3941716343855424,,,0.1788162362503675
,,,,,2.403629769609807,,,0.18065261191932794
,,,,,2.4874651857710974,,,0.18248898758828586
1.6455880617587615,1.3350804631230944,3.1231292855194392,1.8540377732701843,2.095816512371587,2.451419605697541,2.752441453916232,3.878675352329459,0.18432536325724655
2.6211597624977676,1.5888479799941981,3.459139061686068,2.082427517032581,1.8887591631051974,2.5444562188527744,3.0418185639290916,3.9026930158792066,0.18616173892620472
1.4395591737065232,1.1113127562951455,3.4267261787213252,1.9889498047789433,2.0663001811865653,2.656475968542899,3.0057303694411717,3.935234793656907,0.18799811459516458
1.7075072331512944,1.3327190428774727,3.5061345053576307,2.2724595084711274,1.9365230051620494,2.5374300331809168,2.780718703717109,4.121204381672724,0.18983449026412427
1.9406401351449876,1.3438218489637048,3.62184378992019,2.0985421794006456,1.9920508516999007,2.9490321726054702,2.829706677880828,3.8973400937242535,0.19167086593308352
1.4972351737037537,1.2552372132897367,3.358841991539591,2.04702422608382,,2.6479778935337945,2.8695789690852265,4.127750029246201,0.19350724160204344
1.7141083739134237,1.310233069176961,3.3248512170961995,2.025171794308799,2.254538876725541,2.7090628083876815,3.043269256308945,4.0901432923865775,0.19534361727100263
1.924546686872583,1.3988869787924954,2.840222453589199,1.4569200675330056,2.2856958882570977,2.647935819156767,2.8662913286777454,4.199791119468157,0.19717999293996136
1.5465387760490659,1.2196947376019525,3.278550507974511,1.9735364560448168,2.1267893050183884,2.8023659123051465,3.0623520055273126,4.04865337280021,0.19901636860892277
1.7855803693716805,1.2842215670946715,2.8783889523082675,1.7890730381933955,2.1329120528214123,2.6704341109110463,3.129660481226424,4.372014558771106,0.20085274427788127
1.7506500878145383,1.3381785981966154,4.224421538882826,2.3988988713742105,2.049736270446145,,3.1132209023414963,4.308856223473959,0.20268911994684044
2.271218916228931,1.5280632492776072,3.61629251055829,,2.161491380730085,2.844905231403974,3.25829833178323,4.317434429337555,0.2045254956158002
2.373940138022965,1.5119706776440356,3.615910263538094,2.1449701157317485,2.2581467864449465,2.8998512329172255,3.0774804375333367,4.477866662125483,0.2063618712847577
1.9054125524938206,1.4331495846838653,3.790899672903975,2.2364302674704724,2.3232830682835606,2.593306826209817,3.3148584505043694,4.492021770557998,0.20819824695371889
2.459633334018069,1.5559841396791887,4.040555040907865,2.393628287406477,2.174184758970414,2.965711650594925,3.254904367600281,4.41221859838172,0.2100346226226794
2.3302234552697936,1.6040042397808965,3.9203709594767187,2.3179996932921654,2.273854730016108,2.9288134118549247,3.545956064349138,4.6203180555308965,0.21187099829163714
2.520579931594082,1.5542300869152215,3.701957850182223,2.1254145215486453,,2.9271849705159845,3.1846313788603813,4.54814663222539,0.21370737396059672
2.0816278792285634,1.4396343380390226,4.418904046304607,2.449899726203472,2.5930763426626915,2.9140529518470792,3.7776872721825785,,0.2155437496295557
2.6429307349268485,1.5918753453799432,3.5806439962058256,2.0417575476060636,2.2261115152871502,2.97357787611265,3.635039738394674,4.602213886004467,0.21738012529851555
1.9243248785223537,1.3925349576823658,4.077345842237974,2.3070246702822748,2.3721130079499635,2.904144514786274,3.702511333100801,4.737126274548457,0.21921650096747566
,,,,,,,,0.22105287663643475
,,,,,,,,0.2228892523053941
,,,,,,,,0.2247256279743547
,,,,,,,,0.2265620036433123
,,,,,,,,0.22839837931227236
,,,,,,,,0.23023475498123128
,,,,,,,,0.232071130650191
,,,,,,,,0.23390750631915116
,,,,,,,,0.23574388198811086
,,,,,,,,0.23758025765707044
,,,,,,,,0.2394166333260297
,,,,,,,,0.2412530089949881
,,,,,,,,0.24308938466394753
,,,,,,,,0.24492576033290858
,,,,,,,,0.24676213600186747
,,,,,,,,0.24859851167082614
,,,,,,,,0.2504348873397851
,,,,,,,,0.2522712630087472
,,,,,,,,0.2541076386777056
4.905387268305268,2.1524410037881023,4.956188401210488,,2.9322636108599522,3.5182463149444363,4.596654556459436,5.33076254481588,0.2559440143466638
4.181966170945452,2.025362845481782,4.9621641168634945,2.708684608595776,2.8997739854381375,3.603781814939005,4.611758261393469,5.3398159008179515,0.2577803900156238
5.117049218881144,2.1712279216542525,5.0170307957252716,2.5570301714092865,2.8896665604489065,3.6334957512417585,4.588023790849356,5.3827976025400535,0.25961676568458436
4.9507903576693355,2.1609196246789595,5.156248747244291,2.7484907030568504,2.9578263371106344,3.693590898005494,4.614869936126637,,0.26145314135354364
5.329973214410331,2.229048862602737,5.730218585997883,3.084566129311894,2.991478778889536,3.6566745303431865,4.768049485299911,5.489161511159095,0.26328951702250214
6.282915789415777,2.3695748804200707,4.920571594351559,2.6046880228881055,3.104325190183994,,4.811394661723844,5.674077669308361,0.2651258926914621
6.0521595090685025,2.309804685665474,5.16592644463695,2.7067038460169472,3.1867429804315686,3.699390035767047,4.846238652244153,6.14195470712079,0.26696226836042103
4.2071614702116324,2.0137943741737887,5.323133145599779,3.0048202743500436,3.40936765731185,3.8693482351899613,5.051242882270894,5.7816728765975265,0.2687986440293803
6.6386672236949416,,5.901859758533945,3.066014763549466,3.241034422412889,3.9899887831314764,5.105567198731641,5.603919270469664,0.2706350196983398
6.609683152702698,,5.850858450975691,3.0585981177278287,3.1680626807868,3.8901118105592216,5.105134114003325,5.78695627151087,0.2724713953672991
6.700931143934138,2.412359555468285,5.944187184771997,3.139623989442489,3.2256007889826197,3.9905149698505333,5.102936107346604,5.794916968499666,0.2743077710362576
5.493438193111398,2.220889863949843,6.8401194958682865,3.4365632860934423,3.1397488085658494,4.177939390308742,4.852408693341342,5.842665669308762,0.2761441467052174
6.6543174476873865,2.3931389616879577,5.468549313027167,2.8916523995911145,3.303424610034678,4.007564907541042,5.341722296283618,5.777836093269095,0.2779805223741784
7.749418518968755,2.545437247178681,6.507469878076353,3.3230012599716097,3.3296513759413306,4.16478682251743,5.0378346451392355,5.936963428573602,0.27981689804313814
6.103213825406088,2.3340577029357203,6.209868575132326,3.221707174103677,3.3748623062675294,4.05783660067536,5.253600825499357,6.012985603849563,0.2816532737120974
5.8842914070574786,2.25136879216167,5.5195983378169595,2.9416798647327953,3.528940370016057,4.05451455402354,5.403173129621125,6.314831165318616,0.2834896493810563
6.632003468131497,2.406373469787547,6.27262023571374,3.238459496188232,3.446031675273952,4.041452572848872,5.313670615423297,5.858806656505763,0.28532602505001453
6.150871920704301,2.34095411580739,6.931890595916971,3.4338069796320094,3.561470192671326,4.217615597146744,5.303026247568948,6.139928328708413,0.2871624007189754
,,6.4514883713989555,3.3028512791008073,3.667667247551435,,,6.234999154707764,0.28899877638793464
,,6.718238719381425,3.427288877474114,3.6075723929897325,,,6.071901239864729,0.29083515205689353
,,6.589645526558924,3.4023283782790057,3.67266313578361,,,6.2221130941650005,0.2926715277258539
,,7.125119354004321,3.514897801346714,3.545193789423716,,,6.328228597734976,0.29450790339481264
,,6.026407959772365,3.25897694764526,3.794176171712896,,,6.444646004785531,0.29634427906377286
,,6.9980860550808375,3.5529954228845417,3.6119795831763812,,,6.356763288657113,0.29818065473273236
,,6.075310875968477,3.104502007021782,3.9683123933441298,,,6.473360345374783,0.30001703040169014
,,6.5036173019875445,3.334126764044679,3.939964220681116,,,6.398503516824074,0.3018534060706491
,,7.257615103229068,3.5497800046028507,3.8847219349090043,,,6.483143285585662,0.3036897817396102
,,5.979693273166146,3.0689212782812256,3.886539561099238,,,6.665142907498284,0.30552615740856887
,,6.362130715195784,3.2294960504088643,3.859186927446683,,,6.621032421882615,0.3073625330775277
,,7.109390696108612,3.5478938492405065,4.040027455421521,,,6.509606024906633,0.30919890874648837
,,6.593558866634102,3.2876562204272823,4.047846626990289,,,6.535938911948393,0.3110352844154478
,,6.510787409441417,3.2863217552808965,4.172707726706819,,,6.702506007479156,0.31287166008440837
,,,3.3103817493497365,4.296359232311568,,,6.854561579131171,0.3147080357533683
,,6.108501450566465,3.1065562080472193,4.128260790823884,,,6.872404188340754,0.31654441142232503
,,6.221688539842699,3.190967669444998,4.194530585362261,,,6.810881385323619,0.3183807870912868
,,8.17147657869972,3.8801963581570096,4.057732023267511,,,6.667885433053539,0.320217162760246
,,6.605412541315457,3.2795134332998392,4.096917760737192,,,7.084485356253259,0.3220535384292046
4.706547631014852,2.0820703520221504,6.70422918993693,,4.329068882045157,4.82475176732434,5.949946984026896,6.950696814950819,0.3238899140981635
,2.290571324564983,,,4.056190949308837,4.754956391022777,5.9775599502947045,,0.32572628976712326
,2.048794604834666,,,4.420252813301188,4.782391120621946,5.666896072060577,,0.32756266543608314
,2.106241061068454,,,4.533388168254196,4.64084848377573,6.226356648250705,,0.3293990411050429
,1.7143957275897634,,,4.362873741754736,4.795175067648185,6.0765174097690675,,0.3312354167740014
,2.310219839313027,,,4.332077721206558,4.803417154282864,6.07666333415453,,0.3330717924429615
,2.0909314263558567,,,4.34598871517114,5.062748809021399,6.1106542342036825,,0.3349081681119207
,2.202424573746266,,,4.323660480496503,5.036584283486898,6.290678117641294,,0.3367445437808809
,2.484164337257309,,,4.497444056985621,,6.156066582593855,,0.3385809194498396
,2.735927397022386,,,4.726254942712902,5.136914289061352,5.942314004909477,,0.3404172951187995
,2.098266354504067,,,4.437536305865748,5.079654633727453,6.16672990700817,,0.34225367078775837
,2.201414489773863,,,4.582200669468657,5.212279060779405,6.127615720724137,,0.34409004645672
11.621472435222588,,7.930062356095101,3.703913496244433,4.581104667023556,4.967936959606986,6.219038188886331,7.470839574838432,0.34592642212567576
4.613333099544341,2.0496429807888776,,,4.661602977414113,5.228083291308033,6.3702498155632075,7.519243973606963,0.3477627977946389
7.779426380010858,2.541079330264524,,4.02016031872524,4.845775031329054,5.18051020636138,6.391852615292954,7.5925799305430095,0.34959917346359914
5.973494368001697,2.2938334229895303,,4.010364669624135,4.753453040075402,5.277644819776228,6.505322987159558,7.544895920678273,0.35143554913255753
5.368245631823006,2.181404941086923,,4.258668589656202,4.526717204269245,5.375471605602631,6.393472340739983,7.686309963639067,0.3532719248015176
8.122470723248737,2.6029039081367307,,4.057586784704681,4.7611629431943845,5.30552275229174,6.5261246056210735,7.711312435391132,0.35510830047047726
11.529976248488977,2.933647925667789,,3.9231014648178713,4.832824359565002,5.26884369322285,6.306846039965213,7.680713695192768,0.3569446761394332
4.835371675805447,2.086462367033243,,4.029449071724125,4.612314382253975,5.2866465362535235,6.081902397941842,7.9369340417617265,0.35878105180839376
7.969482856414951,2.529521813739132,,3.8873824767771517,5.02892500411538,5.371162602998572,6.3830719305092325,7.738229795081777,0.3606174274773535
9.0489237061983,2.683940344364481,,4.183886191652359,4.788547729941234,5.302332824117158,6.139075566351337,7.815483933238096,0.36245380314631453
7.074793002765337,2.435441200273857,9.290677551514188,4.216023250792827,4.9942546578675735,5.5064817806946085,6.354664713534208,7.799099693967196,0.364290178815274
7.953177190112183,2.5689309155083566,8.118296846026762,3.788864768821008,5.032460733864174,5.550315049693151,6.712962685870132,7.904966568485833,0.366126554484231
7.892358559371457,2.5146598140900687,,4.089706225671843,5.098505382770062,5.572533079103033,6.4701413101563885,7.901986491151357,0.3679629301531926
9.550113894671666,,,4.171030707404551,5.107830119944031,5.5595742801291905,6.444499250384744,7.798322743127292,0.36979930582215237
10.547146977261406,2.8482403152249014,,4.076251870885278,5.003757517855268,5.576392346033592,6.499142010024241,7.951592155330555,0.3716356814911097
8.954721399389287,2.6825415279868947,,3.875630392784104,4.986766252038904,5.744911444540081,6.541541096279843,8.016818923924252,0.3734720571600695
12.29874144654692,2.9977383160476796,,4.168400301786799,5.015868094338011,5.581243846377693,6.610022844836521,8.034866412210249,0.37530843282903215
8.50439186737157,2.61406966927308,,4.265273968944682,5.162197694218008,5.733459348405045,6.785627873329676,8.112863176299319,0.37714480849798965
9.899213613591606,2.7800144744157183,,4.248987125639222,5.1817698511054795,5.513036368479235,6.556351724234804,8.228764693723175,0.37898118416694876
9.611331083025364,2.7318146932098717,,4.215074273995519,5.11623988810453,5.772672191172114,6.5964262509138285,8.291627267366252,0.38081755983590776
12.41118085120296,3.0237797974384213,,4.245823317650992,5.1413686995172645,5.696636263651114,6.818362763020639,8.280539418726205,0.38265393550486776
7.166998480925213,2.4680729703578237,,3.9180932144847387,5.20330818161756,5.838790348379985,6.525399621598785,8.42197349983166,0.3844903111738271
6.795276936012758,2.37141118424801,,4.544759407302774,5.2686955768228625,5.6873248822958615,6.699426607182278,8.16615005327029,0.38632668684278715
12.008226825600742,2.9980695841438068,,4.481801517968945,5.177358171302404,5.793375937358442,6.956718516548493,8.667186311321887,0.38816306251174443
10.350093529843011,2.820519826880134,,4.50471909771964,5.236886829871857,5.9644049358569315,7.065832519844069,8.509180711837292,0.3899994381807081
11.711572249098506,2.9580363960135077,,4.046348607894429,5.141016452996141,5.82457675015674,6.832756111400297,8.555557396817685,0.3918358138496664
10.172677390291634,,,4.220933948297948,5.425702877591992,5.91560458701024,6.642028982856244,8.524152685759288,0.393672189518626
12.59345350650434,3.0429492319088745,10.922605699625,,5.4005334355155705,5.954501992567447,6.882705574789793,8.32525790153787,0.3955085651875833
10.304279977351163,2.8123255908851053,10.450720591708029,,5.371113128448297,6.065174681047877,6.842831875731672,8.513366143262282,0.3973449408565432
11.400825899708403,2.9195710457233854,10.888480818267514,4.583054077113795,5.381784065008282,5.869834524191632,7.167187179349098,8.715082819611453,0.3991813165255034
11.157480311854648,2.9010984199520373,11.578494057692021,4.807270699886717,5.325506730341522,5.814973235138552,6.960826244389825,8.570916956244874,0.40101769219446204
11.043427780174929,2.8892821800829407,10.606275567358825,4.4532740079687745,5.618513478022854,6.137081892614032,7.009149564105996,8.623505900486528,0.4028540678634219
11.650076174049639,2.9276666665243125,10.324323833499852,4.3829424735568425,5.404445782069254,6.150906615909011,6.97545560918857,8.82100579709596,0.4046904435323808
7.95354140538974,2.530448742811857,11.14899392586758,4.661631254476492,5.300196941971881,5.977470371637627,7.088906396695439,8.941436572115016,0.4065268192013411
,,,,,,,,0.40836319487030037
,,,,,,,,0.4101995705392591
,,,,,,,,0.41203594620821915
,,,,,,,,0.4138723218771779
,,,,,,,,0.41570869754613754
,,,,,,,,0.41754507321509793
6.238968461687078,2.24619679471371,10.809825139855153,4.512409862083129,5.586266533749446,6.419049082845855,7.375473132496695,9.083088572755804,0.4193814488840579
9.566755979569551,2.6954079154659594,,4.440195659610405,5.366873601643171,6.501294747321758,7.502244251889041,9.142391532455058,0.42121782455301504
7.730086224753593,2.503318267474497,11.87054715743568,4.895209195923348,5.815830923692483,6.45983619208913,7.347946973905972,9.209165990723129,0.4230542002219779
,,11.549809199029685,,,,,,0.42489057589093615
,,10.95400053756915,,,,,,0.4267269515598957
,,12.312344260754774,,,,,,0.4285633272288548
,,10.775701696418421,,,,,,0.4303997028978153
,,11.538411512573957,,,,,,0.43223607856677443
,,10.704617232293677,,,,,,0.4340724542357324
9.965556316159686,2.743080692113117,12.988329550206172,5.133564093420805,5.66596568081124,6.538548358621368,7.714904410609865,,0.4359088299046939
9.12977228419399,2.6632012097376028,10.713224727567455,4.442802467546833,5.816696383857202,6.79776675068741,7.431246506791337,9.45564801330592,0.4377452055736537
8.933170219104888,2.6384678082552537,12.642432488679201,5.016206657725447,5.833254281922285,6.686684641590391,7.614709811138465,9.549363035953036,0.4395815812426104
9.534244409896333,2.71558955661536,12.398589889417464,4.926592513099274,5.585347851709507,6.683081008938787,7.665950755258439,9.448221173074645,0.44141795691157387
13.193978554176967,3.0778355444013648,12.268345639966297,,5.877126700522423,6.598580235725705,7.946065691264613,,0.4432543325805317
9.510590681876707,2.6992321772403964,12.877990369027362,5.064201913649459,5.896632507595842,6.733030044922375,7.889456662959997,9.500513910629701,0.445090708249488
10.054315037303923,2.7716103997658457,13.237194877043263,5.1811175646471685,5.91801005571024,6.782298237401664,7.789268354670675,9.796382972121194,0.44692708391845115
,,,,,,,,0.4487634595874101
,,,,,,,,0.45059983525636843
,,,,,,,,0.45243621092532865
,,,,,,,,0.45427258659428865
,,,,,,,,0.456108962263247
,,,,,,,,0.4579453379322054
,,,,,,,,0.45978171360116604
,,,,,,,,0.46161808927012593
,,,,,,,,0.4634544649390868
,,,,,,,,0.4652908406080462
,,,,,,,,0.4671272162770042
,,,,,,,,0.468963591945965
,,,,,,,,0.4707999676149222
,,,,,,,,0.47263634328388215
,,,,,,,,0.4744727189528432
,,,,,,,,0.4763090946218032
15.487729705408006,3.2472211097444004,12.635304607268978,4.9572977866964605,6.196201897044566,7.344159286578521,8.770778838320611,10.678845606104929,0.47814547029076193
15.244202943969807,3.234024108577248,14.661465516932704,5.467437691294191,6.389875620022313,7.471256030175226,8.824368495620137,10.439479259756505,0.47998184595972043
,,,,,,,,0.4818182216286813
,,,,,7.350979139512585,,,0.4836545972976397
,,,,,7.539052809142485,,,0.4854909729666
,,,,,7.470419682361831,,,0.48732734863555666
,,,,,7.503964359360474,,,0.4891637243045161
,,,,,7.520304008071171,,,0.49100009997347854
,,,,,7.42047008504004,,,0.4928364756424396
,,,,,7.585834652546608,,,0.4946728513113975
,,,,,7.5550840244287345,,,0.49650922698035477
,,,,,7.705476042523094,,,0.4983456026493161
,,,,,7.737623732496493,,,0.5001819783182754
,,,,,7.678323074143716,,,0.5020183539872363
,,,,,7.811941903567252,,,0.5038547296561925
,,,,,7.759350032844292,,,0.5056911053251505
,,,,,7.913702357482878,,,0.5075274809941164
14.398544793732047,3.1722555794140375,15.941496128671126,5.684364648022762,6.535920073039886,7.972377142175192,9.407282886968645,10.696417088366061,0.5093638566630719
18.285716827538625,3.4601974055914506,15.66307068504522,5.68670124979494,6.6776297158273366,7.888187811255003,9.60598888592799,11.15943775959349,0.5112002323320315
,,,,,,,11.035008891420345,0.5130366080009914
,,,,,,,11.077195437548239,0.5148729836699504
,,,,,,,11.058997069948706,0.5167093593389094
,,,,,,,11.310440699209828,0.5185457350078713
,,,,,,,11.2472469638714,0.5203821106768274
,,,,,,,11.2765071774254,0.5222184863457886
,,,,,,,11.512499784661305,0.5240548620147484
,,,,,,,11.459292778269445,0.5258912376837072
13.334698985575494,3.0656729603602786,17.060556640969814,5.8966389357133915,6.536556351015092,8.094094905378952,10.028346676964922,11.401740000022262,0.5277276133526687
18.141064407534515,3.4432921125508424,16.838988340793524,5.940389511949381,6.6521590013652805,8.174961688112566,10.212011332429666,11.46622272819609,0.5295639890216277
16.0703678341546,3.2871037808039754,16.783031523134348,5.879331023958945,6.676679218210406,8.103970239803377,10.160481565848858,11.547489847376745,0.531400364690585
14.02987374973917,,14.99541404993506,5.459633036910532,,8.276145101579935,10.111791391303324,11.497700103251368,0.5332367403595466
16.423525691208198,3.3121355747282335,16.68171362239663,5.799291558710055,6.982678879256187,8.146583527630405,10.086364947375184,11.465692339986436,0.5350731160285043
19.76904384270836,3.546282531969008,,5.697857381949378,6.733332088275016,,10.153534197436086,11.651665933417034,0.5369094916974637
16.558835590808673,3.3235417093409874,16.188487443080742,5.729888853289903,6.871642128030593,8.357558484706805,10.390610037708996,11.656921883321512,0.5387458673664225
19.26227205917814,3.5188631301255016,17.07048367136844,5.899329978976887,6.719589958985659,,10.185613740263799,11.775707623916848,0.540582243035385
18.92548724565546,3.493309528345742,16.325122619835273,5.714799981690522,6.8281690400110735,8.53579275451531,10.190955776594045,11.798547376043457,0.5424186187043423
21.255125709690667,3.6460760996950317,18.287083596982434,6.147787611005704,6.777839654467556,8.359400225687592,10.424935729738786,11.861887066736438,0.5442549943733024
,3.7177163516303637,17.56925719613987,6.0085033554981235,6.696536318235669,8.202765579434837,10.455114402942053,11.8740994597875,0.5460913700422628
21.920391450559567,3.6764984123205298,15.941965690391322,5.60952099991332,6.819109420755063,8.33336796292236,10.464759254995636,11.821734598636427,0.5479277457112208
25.300007030603304,3.883666816653421,16.457234768442504,5.756505196425558,6.7843821904177775,8.439262488031025,,11.880427941606337,0.5497641213801772
22.38362525496599,,16.908664198958178,5.808783772990337,6.917527205259659,8.544464925354832,,12.099935489785333,0.5516004970491392
17.77775952841497,3.412622746488436,18.03729066418344,6.1257015431900435,7.082419160429741,8.53727912724945,,12.198442833193988,0.553436872718103
23.432016985382365,3.777940722873093,18.260283730220433,6.1734842731249815,6.9024730344409715,8.55809496972014,,11.990950405152034,0.5552732483870593
21.392212487723917,3.6601863883782904,17.242646952563497,5.943951468830214,7.071868810816926,8.581062803876483,,12.211969565487616,0.5571096240560205
20.653946075701,3.6183497908162496,18.605103113681725,6.241977629348082,7.026769574105448,8.189630533523383,,12.033323819943218,0.5589459997249796
24.339327443310587,3.8256533871414686,18.858503151726104,6.336589322616221,6.939211931714008,8.668390434292867,,12.517723160620823,0.5607823753939356
21.832118859414738,3.684508279568928,18.329336886319634,6.149248314130416,6.938610325097352,8.672855921462341,,12.222401777098076,0.5626187510628956
17.295759847488746,3.376484485011026,19.45677822793068,6.430537821434103,7.00844730045007,8.812068148367416,10.600111486807105,12.123177444329526,0.5644551267318598
22.74512973099707,3.7420393479944685,19.246371786745474,6.3284089987938605,6.935216126783272,8.529174308339535,10.721162357116658,12.217836985706075,0.5662915024008156
17.62281514895998,3.399171282043392,16.900182439418607,5.799031808478876,6.924221671742334,9.038295300766658,10.830156347872391,,0.5681278780697792
23.15351173144351,3.763780532828039,16.616033435556545,5.887980456087501,7.132231488383856,8.868802715334892,10.878613077680455,12.49074662485083,0.5699642537387338
24.728219554678443,3.854210819686453,20.167813537715773,6.5142704610978495,6.8853395327508515,8.963186954975832,10.886727914222627,12.416182985028668,0.571800629407695
,,,,,,,12.671563705159516,0.5736370050766538
,,,,,,,12.471693683603727,0.5754733807456117
,,,,,,,12.524563970372997,0.5773097564145733
,,,,,,,12.538799297559532,0.579146132083531
,,,,,,,12.668223421010847,0.5809825077524936
,,,,,,,12.688971145249702,0.5828188834214504
,,,,,,,12.780535848126373,0.5846552590904084
,,,,,,,12.761438352827282,0.5864916347593684
,,,,,,,12.689984303591956,0.5883280104283277
,,,,,,,12.73862748908441,0.5901643860972896
,,,,,,,12.968195759618444,0.5920007617662474
,,,,,,,12.917412376784933,0.5938371374352063
,,,,,,,12.807229143496622,0.5956735131041696
20.95578995532124,3.623308231233608,19.36673052824332,6.345830389065968,7.513683478628366,9.215342679004676,10.954100253953412,13.15693303880667,0.5975098887731282
18.713674125716754,3.4673738202811526,,6.690835880186614,7.4954155821212165,9.4225166712578,11.144366990515609,12.989099973665022,0.5993462644420886
19.37781280681398,3.505876087179145,20.969106290774945,6.6270191515279215,7.57245257725359,9.332682203603579,11.040459636312638,13.029402182127523,0.6011826401110457
23.742903717439,3.7875442408567364,17.78286457442803,5.97463211910966,7.784114724278294,9.255783642494176,11.090414282133603,13.12442736386734,0.6030190157800072
18.95640725163627,,,6.4345638139446475,,9.295739154869267,11.403836583956217,,0.6048553914489647
19.1836486624197,3.499133176558505,19.415029498975077,6.317701057330366,7.542575239143022,9.49710074511684,11.343924480548782,13.313413934301723,0.6066917671179258
22.068219785704066,3.6871777082562933,20.0634840212691,6.441607033549298,7.708069218199533,9.270168347340855,11.411053972514424,13.196173702914434,0.6085281427868853
19.76423284859738,3.5505495059791468,20.240381103470003,6.49935873628205,7.666229114591598,9.504934200279573,11.035043817693932,13.243227196107398,0.6103645184558445
21.92291320415938,3.6515572237573655,21.063609308399737,6.654887984744382,7.803351408245459,9.636605774026252,11.26145141943648,13.280170651059155,0.6122008941248045
27.650213065293762,4.001413529316804,20.790142577743417,6.615383471015749,7.621371238893306,9.596878695199,11.416641296160705,13.411947332762317,0.6140372697937628
27.929900525363887,4.006586246885883,19.88357720411273,6.42105103058594,7.936321714627748,9.632301032326351,11.353132002808415,13.471587018460058,0.6158736454627235
21.26431930442742,3.6453970249194816,19.88144642602947,6.4040425403041645,7.782854550343335,9.631548386757736,11.266148533414338,,0.6177100211316839
30.268261318915624,4.124004469262517,19.71451093126217,6.362385611082954,7.849270994791418,9.577859425692571,11.607244840757707,13.34048155715658,0.6195463968006399
29.952850221147486,4.113189918163188,21.613498919913106,6.747876787232809,7.860891952666894,9.737739326901357,11.257433385210371,13.769054146749653,0.6213827724695986
24.611661803619494,3.8312200198198947,21.734664615099902,6.780414515583875,7.854093628694378,9.670472259157352,11.589408556041594,13.699030831563395,0.6232191481385609
25.11821065743654,3.857747159110376,21.119479326817636,6.688467730489229,7.920476800836765,9.799434321375408,11.166660796760318,13.704609235078626,0.625055523807517
22.712290278809686,3.7278392641732623,22.788416569698295,6.9816988866152245,7.855700811943105,9.90884967287313,,13.659366281346902,0.6268918994764792
29.45406865421662,4.087101551316745,21.00993175188887,6.62372048090702,7.972380770696974,9.939280281171715,11.527370727295896,13.566035851999205,0.6287282751454408
29.464939945600317,4.090340181018243,22.59592907462416,6.968397548168619,8.039340729759937,9.917236675752811,11.435524369944707,13.834151760682017,0.630564650814396
30.603621221602737,4.150896207333674,22.39989255631658,6.924736432404069,,9.939315558568829,11.24747233913563,13.717289483962158,0.6324010264833573
,,22.835654832859436,7.0142422667858435,,10.026502320633947,,,0.634237402152317
25.751132945133584,,21.48653095243266,6.74115048145365,,9.801400380024107,,,0.6360737778212768
27.46270791918506,,22.582024017853037,6.932636761134059,,9.962228036786996,,,0.6379101534902372
27.278574153408652,,22.454165469739284,6.955262807747786,,,,,0.639746529159194
31.101038224211884,,23.60669886339082,7.184984182348715,,10.015374780910202,,,0.6415829048281564
27.581463458862242,,24.285463783328126,7.253100238304238,,9.848985463621837,,,0.6434192804971176
32.30475427730006,,23.63114186662915,7.138496881228321,,9.747409559533038,,,0.6452556561660765
25.392362932186472,,24.304255974133017,7.228703168439659,,10.083089139560256,,,0.6470920318350342
32.25937809798818,,22.0722349646193,6.768703290325237,,10.086644644528619,,,0.6489284075039935
25.1042709879356,,25.115162111175025,7.403123332967156,,10.092768012835421,,,0.6507647831729542
25.988046962832282,,21.657046172187464,6.744826805836608,,10.036380245049326,,,0.6526011588419108
22.405754138961715,,23.64076013183991,7.05766503587803,,9.985677096985212,,,0.6544375345108697
34.12129361365964,,24.301054925079843,7.273712492357166,,10.302574710508289,,,0.6562739101798288
23.20375236059572,,23.143203202546584,7.010367679707796,,10.21223084963545,,,0.6581102858487887
25.795572879752832,,22.3234330859773,6.856939820719185,,10.303800333117882,,,0.659946661517752
25.922677947394387,,21.832884200955107,6.772129143278716,,10.285891828459784,,,0.6617830371867098
,,24.39800258836623,7.28420554386553,,10.422432464736376,,,0.663619412855669
25.49914464476468,,23.391077725349792,7.105294685725267,,10.469038677207168,,,0.6654557885246268
30.27156577762441,4.121999601207167,23.263552908359536,7.039301233781865,8.950631019578665,10.416974225410108,12.047055795343674,14.486539296724812,0.6672921641935907
28.531829020204054,4.042428651340633,23.755616837497485,7.121797793224938,8.57294018867973,10.294427981696481,12.413577345719734,14.584264228138665,0.6691285398625497
36.293477118549816,4.401713047373874,23.799820918609278,7.127998694706822,8.902208995257142,10.373965665235374,12.061526526433004,14.467040961653803,0.6709649155315051
34.938628707535656,4.3419546742277655,23.54466326118417,7.091472151198403,8.72531608881225,,12.16065918358607,14.826497946507507,0.6728012912004634
22.466855620527127,3.6924296469119637,23.39834291333792,7.043442750461552,8.7785651368091,10.56988509115845,12.217253735093458,14.752302288079026,0.6746376668694236
34.83380903278449,4.336161978218851,22.801042370735942,6.9401823551678765,9.07677145758633,10.471783875124219,,14.751255675100374,0.6764740425383814
,3.8459507615111836,25.42965435106403,7.437765362658229,8.965850602062705,10.571506909367772,12.236509790249443,14.771029631011169,0.678310418207345
26.076576564948756,3.9107884567548883,26.217000658065302,7.594304726034547,8.82086232660164,10.713834176495718,12.170178265750764,15.093563311009701,0.6801467938763067
33.759008809149684,4.281221277224402,24.89936169518289,7.326087199002503,8.769503620650704,10.660533249429063,12.330048823033886,14.972003707639411,0.6819831695452648
43.93804586551013,4.697826492013823,26.463820665878146,7.613690932119639,9.060760755959834,10.66247658934172,12.419122715696247,14.925051658906819,0.6838195452142224
27.85191412439937,3.999633791540018,26.5077926808321,7.609204702416491,9.037139584067496,10.619415934630462,12.471397028804816,15.024465792823039,0.6856559208831845
26.391403957926713,,24.67165083310575,7.293148572709948,8.87190837493752,10.95872478905984,12.303158250813617,14.869816437453618,0.6874922965521497
33.66187452983413,4.285394432183526,27.410646587622193,7.771107399016651,9.017513048822458,10.677137098182332,12.529970544829288,14.92031932976812,0.6893286722210995
30.098722441602103,4.1209775723435715,24.534115397054354,7.268055992672401,9.13266913565308,10.873555670696788,12.481972779709643,15.258456811523343,0.6911650478900592
28.474777385614715,4.027501109844482,24.390076702554243,7.234130392527312,8.916281230903436,11.034356690636411,12.546272005531298,15.13799415949481,0.6930014235590216
27.40487690299505,3.981313432675903,25.44594921971221,7.437644550634166,9.115349402136813,11.042178165636635,,15.18922582600266,0.6948377992279776
26.27127409125822,3.9083997526259777,24.600073779596972,7.282074041548034,9.047364502943367,10.858816146185267,12.72649631927147,15.261883301973281,0.6966741748969413
36.06868112735245,4.392138333371899,25.999663865588964,7.556713695113477,9.498477937825873,10.840866869811123,12.83141279240561,15.249326576836364,0.6985105505658992
32.45353322203565,4.221589200939668,25.439463215573497,7.40263276413675,9.401057731186988,10.818750748095821,12.896900815534831,15.107163921283904,0.700346926234858
41.72074322976041,4.6201328237167845,25.346160182641206,7.355452491464437,9.391729644994307,10.892928639115963,12.970003592557484,15.274201541215728,0.7021833019038167
29.582152952572805,4.0879298861270685,25.704190769728992,7.464210088042314,9.498330489598374,11.101001650950542,12.991983568725418,15.531015923338895,0.7040196775727765
29.812929049275407,4.098940670741118,,7.393335166734277,9.488192480602297,11.017715098778217,12.912035601327844,15.415802357220844,0.705856053241735
37.72942813634262,4.4553474653090746,24.82822803997339,7.326467918754821,9.294148868914323,11.339368579232804,13.209358444821921,15.267468803175715,0.7076924289106934
28.707509438824786,4.038914580842465,28.023910797790588,7.869937960856673,9.598145758191329,11.10507644251441,13.169134130451289,15.496077367872,0.7095288045796553
38.225471073562645,4.474986977968127,29.150838290878045,8.080640955132315,9.361545288638347,11.220980581686495,13.258433624556048,15.575106391468799,0.7113651802486147
40.3716989838831,,,,9.44378200811126,11.17595770792198,,15.470606901357339,0.7132015559175758
37.47772159047585,,,,9.417710042469265,11.426186261198282,,15.581615933678092,0.7150379315865326
39.109366435926304,,,,9.954762014129056,11.316579147994762,,15.555893533981834,0.7168743072554937
34.282393593606436,,,,9.670863997654736,11.315930269132355,,15.806734089291535,0.7187106829244561
39.215621344215265,,,,9.601198166575188,11.403016363722754,,15.75658796800031,0.7205470585934152
40.621847847588626,,,,9.68482072948793,11.33982539340084,,15.738191695210777,0.7223834342623743
41.772238718836135,,,,9.659742305282839,11.348150026901722,,15.840373014598335,0.7242198099313327
40.22221820476948,,,,9.72846870151805,11.292852860532204,,15.808857976828431,0.7260561856002878
45.533209308287184,,,,9.666826041878235,11.49311807827515,,15.824170617175998,0.7278925612692492
39.40066905452006,4.527922948236381,26.426761914870795,7.561626192248769,9.877058266659928,11.41852649455345,13.792093430349148,15.821293245491399,0.7297289369382094
43.967849412919435,4.703362956876594,26.808379944213588,7.584572451727227,9.676975916646626,11.420822839621897,13.664040094208014,15.941182039969275,0.7315653126071715
35.17739308759467,4.345078337698668,29.943820820904087,8.189015542141988,9.962894500689952,11.404957123914718,13.704755690978022,16.03200549523655,0.7334016882761286
46.392015946397215,4.797342092830117,29.915536989216847,8.140719475527069,9.778623461063424,11.492353393856439,13.890735669533889,16.047828931106377,0.7352380639450893
33.90872180922218,4.287629292908195,27.113774649572292,7.681668277666487,10.120995879010593,11.568935783494512,13.738786690735912,16.132866212426986,0.7370744396140476
32.96852123318242,4.252021074634217,30.86046485025293,8.326610130726552,9.840255973124435,,13.753584706461414,16.127028928140387,0.7389108152830071
,4.259665132012983,30.70514858755094,8.295493678369997,9.90782177971705,11.653387009099626,14.051589464807043,16.055977832586137,0.7407471909519682
35.90234080042291,4.371547197443718,27.424372039732514,7.73318506681857,9.896524109811075,11.721271633816208,14.053507307448104,16.209136199243776,0.742583566620928
41.46453645873442,4.600805871738617,28.50836373588201,7.92697469096726,10.365096334476766,,14.165220428522968,15.96187641445482,0.7444199422898828
,,,7.794561445816798,,,,,0.7462563179588436
,,,7.685357433172763,,,,,0.7480926936278067
,,,8.335894251762847,,,,,0.7499290692967653
,,,7.83631359640734,,,,,0.7517654449657206
,,,8.247490243169866,,,,,0.7536018206346864
,,,7.980892057392623,,,,,0.7554381963036473
,,,8.193459420304032,,,,,0.7572745719726008
,,,7.959754997425679,,,,,0.7591109476415645
,,,8.418791058243755,,,,,0.760947323310521
,,,,,,,,0.7627836989794825
,,,7.947842572419043,,,,,0.7646200746484365
,,,8.5220208626207,,,,,0.7664564503173973
,,,8.138252104181106,,,,,0.7682928259863585
,,,8.044917843308813,,,,,0.7701292016553211
,,,8.552143362770245,,,,,0.771965577324277
,,,8.28779060851825,,,,,0.7738019529932354
,,30.19264570607924,,,12.185005346557588,14.681773329746358,16.98043412005978,0.775638328662198
,,30.026446613690215,,,12.154861984804612,14.80783076265296,17.096087164747992,0.777474704331159
,,32.30069522030346,,,12.349753727271285,14.896632051776729,17.1123679714154,0.7793110800001137
,,30.95970997171866,,,12.200446651181647,14.769833496222681,17.12314255850343,0.7811474556690772
,,34.19220057690697,,,,14.808811516003534,,0.7829838313380327
,,30.994978375367523,,,12.48064334634148,14.740835412046634,17.11399407542537,0.7848202070069986
,,32.45463383440347,,,12.4263998936042,15.305465063720167,16.948604367803263,0.7866565826759568
,,31.580926952495087,,,12.444210026860953,15.11836241527067,17.282557749692327,0.7884929583449137
,,32.44219393572703,,,12.475063122426997,15.067476458661405,17.151510850975594,0.7903293340138758
,,32.43904502340861,,,12.329527958672818,15.142750678240171,17.50191891918152,0.792165709682835
44.95607369729321,,,,,,15.191976943013055,17.465229618112325,0.7940020853517923
43.6030375185162,,,,,,15.211734283098933,17.268237297127435,0.7958384610207457
39.52016226590265,,,,,,15.110186547409038,17.2069687009516,0.7976748366897158
51.3974857727532,,,,,,15.201494651979813,17.31764853471041,0.7995112123586715
40.42509246495027,,,,,,15.436833974215595,17.589852726951246,0.8013475880276324
46.18160013851302,,,,,,15.444728729963849,17.496778010501938,0.8031839636965906
39.041841118285944,,,,,,15.249527472819272,17.46053761482536,0.8050203393655482
57.56057951950368,,,,,,15.440514904514737,17.73080094176823,0.8068567150345096
43.1352646641098,,,,,,15.56356358691311,17.889515709140777,0.8086930907034674
55.705646557441085,,,,,,15.396496655445832,17.807189908781623,0.810529466372427
52.57468565808225,,,,,,15.51772355044738,17.709902783358384,0.8123658420413864
52.32214031142912,,,,,,15.384439025752643,17.79125754659585,0.8142022177103477
45.27464088049654,,,,,,15.509468650904154,17.87721872460229,0.8160385933793068
54.7090040732065,,,,,,15.578287447517011,17.703827095851288,0.8178749690482624
59.680793727788874,,,,,,15.627213809402672,17.91359107719856,0.819711344717226
62.10780108631323,,,,,,15.678591966253455,,0.8215477203861841
54.00324355218658,,,,,,15.631352868520162,18.058354406655805,0.823384096055143
,,,,,,,,0.8252204717240994
,,,,,,,,0.8270568473930654
,,,,,,,,0.8288932230620227
,,,,,,,,0.8307295987309816
,,,,,,,,0.8325659743999447
,,,,,,,,0.834402350068906
,,,,,,,,0.8362387257378626
,,,,,,,,0.8380751014068212
,,,,,,,,0.8399114770757817
,,,,,,,,0.8417478527447385
43.15549910114636,4.64813473690083,33.809120709192285,8.689772546423312,10.912931426134156,13.242391275237331,15.885755471485808,18.45436134129069,0.8435842284136982
,,,9.141474690445616,11.319881251768836,13.399269954407542,,,0.8454206040826617
,,,8.91115453520978,10.946959526277706,13.454882578873708,,,0.84725697975162
,,,9.245038833867522,11.096791213768444,13.510476768325415,,,0.8490933554205767
,,,9.426975116319596,11.134503703263363,13.522601592813565,,,0.8509297310895364
,,,9.310761788656155,11.150260551274998,13.389923856444701,,,0.8527661067584942
,,,9.429343835696478,11.43792378981917,13.555330342560586,,,0.854602482427456
47.72521185467717,4.828109371201536,37.017373625968084,9.20566281754926,11.414347194820555,,15.864466433295306,18.72869814951457,0.856438858096417
,5.066507228087647,35.9674268697737,9.064223857010443,11.27432393082491,13.599673742099728,16.057943853237564,18.837391606692997,0.8582752337653758
65.99186943851369,5.4035860654838075,38.30523806855932,9.418582417251699,11.075408493955784,13.46611062954742,16.166034036638433,18.756545815254903,0.8601116094343362
57.41311161613421,5.146948494806151,35.79858581368122,,11.346329554110941,13.604932914123674,16.03050948246995,18.349537983601213,0.8619479851032898
65.03038906003631,5.378542930236381,35.2975892104003,8.917998917873843,11.450547590352897,13.737603806073356,16.10409340189573,18.815865010904716,0.8637843607722518
65.27041537272281,5.390679357778155,38.717240877133015,9.459703876597816,11.254163153184052,13.62883320566459,15.995320606872088,18.703127892663087,0.8656207364412132
,4.8575021305293875,37.92751584792004,,11.396791665246374,13.681920269608066,15.926151218596702,,0.8674571121101736
75.73418927318372,5.672658256924888,39.84731617137311,9.627752686658203,11.33548121918015,13.664062216990164,15.974035345075224,18.857202675878796,0.8692934877791311
44.104098220707584,4.692505507350019,40.216568303751345,9.695419494170046,11.273319823771125,13.715109476308427,16.041504225882917,18.99223626192839,0.8711298634480927
67.64275544798535,5.454279685701588,38.45960339167422,9.409965751544743,11.280902748206318,,16.132919633357904,18.86485797089611,0.8729662391170483
56.10493263478271,5.104245963274201,37.43845438207717,9.234924060973343,,13.847710075626276,16.113103478710425,19.02291059706615,0.8748026147860116
73.5032798676703,5.613153670840703,40.37751759652637,9.712097296958254,11.546558323551087,13.86239070183383,,19.16630455172798,0.8766389904549726
57.89198211243444,5.163499305878225,37.23482116409562,9.23135544245381,11.674394215510771,13.982291599518366,16.39047412970506,19.219009763087772,0.8784753661239271
55.396975754959215,5.093567638806211,38.00067301284681,9.351321570388194,11.30271703198451,13.842038873851152,16.358812542858704,19.30202202978263,0.8803117417928837
56.569510141105155,5.123621100255227,40.470986694604036,9.71853525724959,11.478832361020334,13.750978946540208,16.254006915248144,19.24556334792684,0.8821481174618455
53.284018515397925,5.01380125901094,40.3438791140558,9.695056625587636,11.904790224189885,13.932061921393599,16.066683026787615,19.119233832832727,0.883984493130805
52.606499243086404,4.994047679202961,38.00603993374751,9.31552701717433,11.18271411119983,14.075966804691806,16.244036946882222,19.404342157758663,0.8858208687997658
,,,,,,,,0.8876572444687262
,,,,,,,,0.8894936201376826
,,,,,,,,0.8913299958066443
,,,,,,,,0.8931663714756035
,,,,,,,,0.8950027471445677
,,,,,,,,0.8968391228135223
,,,,,,,,0.8986754984824858
,,,,,,,,0.9005118741514434
,,,,,,,,0.9023482498204048
,,,,,,,,0.9041846254893585
,,,,,,,,0.9060210011583212
,,,,,,,,0.9078573768272789
,,,,,,,,0.9096937524962415
,5.714449821061678,42.79627801097116,10.003779675184873,11.899291440683962,14.676544433392962,16.818639672769212,20.014071046878282,0.9115301281651977
60.56366752912244,5.2452246804823055,44.20667684863368,10.209757336567622,11.855548195958479,14.392344261000952,16.825198211576808,20.069955906182706,0.9133665038341612
64.21238844920323,5.3573973727216675,43.071547687667255,10.03757306465527,11.812534117060563,14.355825489566824,17.156329381781866,20.031547354311023,0.9152028795031177
64.36527022713281,,,,,14.370939893670043,16.788992076669558,20.02792268992297,0.9170392551720722
80.845048312339,5.794740883894136,,9.81422483037541,,14.305238079540725,17.073279466488305,20.024928351973006,0.9188756308410403
56.38774302957149,5.118184422846336,,9.886759332485113,,14.527695761839865,16.93187616778755,20.083165870565523,0.920712006509998
63.57761889856238,5.337395491363953,,10.065523638692106,,14.616878952407157,16.934216421571723,20.100169570843,0.9225483821789555
76.3634307227352,5.688653037122458,,9.792060983945223,,14.780099350739858,17.006470921570124,20.214637218712195,0.9243847578479171
70.85544793601449,5.547241865335696,,10.075544678818327,,14.60367220292179,16.947682643306063,20.37179115036464,0.9262211335168727
68.25705640071385,5.469078772711759,,10.124755192238146,,14.742997587537944,17.175898257360295,20.51137509375297,0.9280575091858317
78.43078698123205,5.736510460567108,,10.51447796926589,,14.82920245883423,17.195918226633033,20.11888567545916,0.9298938848547921
57.39297757063933,5.142169797470422,,10.267856969462555,,14.672442410734176,17.417417629842184,20.27327234251087,0.9317302605237544
65.45595064343637,5.385272566585381,,10.121299689189236,,14.960056757795845,17.338864625674336,20.420974575154954,0.9335666361927136
58.88075288167163,5.193737917087969,44.43027567995483,10.238386122479605,12.034566996242535,14.880149740249253,17.3795303063287,20.413256792446543,0.9354030118616696
69.27945396578622,5.495497918372052,45.96398784751585,10.440999171617428,12.23435220848695,14.719394358236192,17.349206534339302,20.519711380194376,0.9372393875306332
78.90279315592849,5.746792816110168,42.61034754600124,9.970278978051425,12.277990669642573,14.986678374241581,17.29102667214268,20.61613155742886,0.9390757631995874
74.89530205923549,5.6441504431021325,42.38290430024402,9.937638480426983,12.108042601152654,14.969883734562249,17.471765705143174,20.46202017198282,0.9409121388685503
59.030462070550115,5.199419482492107,45.97227364594296,10.414542433716953,11.963983646291936,15.35966396690694,17.54137898500871,20.707336709346986,0.9427485145375095
83.65686417922879,5.8599844227812685,45.189316584178236,10.302933359273762,12.017721011650467,15.139259468392638,17.64990404929682,20.815014402849886,0.9445848902064666
63.50525412341656,5.32952786540779,43.252723721854935,10.076485270636121,12.193128667589924,14.992816046862599,17.52370221486448,20.64346817162635,0.9464212658754279
73.42518861965995,5.602641057024451,45.406667522053304,10.389243599791588,12.085617473283238,15.023145033498613,17.713758362378222,20.649721952555755,0.9482576415443899
,5.556859422227739,46.167270835111935,10.459955865741536,12.302447836781516,15.00269998632518,17.889573688703564,20.685223792572653,0.950094017213352
87.87182824503236,5.96774694926723,43.51116851681696,10.087277483160898,12.488392459168734,15.025082136883047,17.83823992901365,20.678368307694186,0.9519303928823082
,5.126898688449974,46.02886654482149,10.431128855474435,12.280674734758955,15.196107011167156,18.001941659586876,20.962298054956594,0.9537667685512651
78.13255606242524,5.730670822756671,47.69381615259187,10.658464848123039,12.394286314168216,15.236789760830826,17.953558171532176,20.913759853662974,0.9556031442202212
,5.619346917681511,47.137486938373655,10.579245443326274,12.341971056511312,15.20707520944792,17.788472355072596,20.98747469478254,0.9574395198891877
64.55075488346355,5.351187346975479,46.2440676108087,10.451518262150397,12.3712546027755,14.892743817823746,18.08993814584991,21.16981951784982,0.959275895558142
68.28711688750809,5.460275825563723,46.699767438592765,10.518448767420644,12.501782518001411,,17.887834019017394,20.988854984905583,0.9611122712271067
78.82860811311916,5.746496164391107,46.70882286548715,10.532765051578464,12.663321510597187,15.391001274358684,18.11494571339828,20.988578717554034,0.9629486468960651
87.25272746410957,5.949385039390419,49.39321414932713,10.879170711683141,12.514928267649372,15.342870909983251,18.273583429478794,21.256913005740252,0.9647850225650217
60.89692402237922,5.252750695341889,45.13162497509143,10.299459458298637,12.390739278548143,15.35402086594407,18.122291300574116,21.172693672981147,0.9666213982339856
87.98892286056575,5.965046208335042,47.75684751015887,10.61615663431039,12.855973578641608,15.485580932643678,18.32179365130995,21.175906346480105,0.9684577739029469
80.85288025148748,5.796733140051736,47.81926478259753,10.65742295063927,12.586629124262442,15.329011489543419,18.202309800316375,21.25309310952624,0.9702941495719032
,,,,,,,,0.9721305252408587
68.61795799315975,,,,,,,,0.9739669009098222
,,,,,,,,0.9758032765787771
69.5421830369439,,,,,,,,0.9776396522477392
78.38156391280818,,,,,,,,0.9794760279166987
68.4992210949674,,,,,,,,0.9813124035856594
69.78006857477648,,,,,,,,0.9831487792546155
81.79095727316893,,,,,,,,0.9849851549235767
,,,,,,,,0.9868215305925383
68.17118689033575,,,,,,,,0.9886579062615001
76.0271842935313,,,,,,,,0.990494281930452
110.29544631223416,,,,,,,,0.992330657599421
94.27056697275202,,,,,,,,0.9941670332683731
83.43873276092087,5.856986146802105,46.58871513211712,10.476434180357357,13.172187788076563,15.904217655191566,18.95825444284952,21.841993898475415,0.9960034089373365
74.22624912433527,5.6203898300937025,48.81861667961666,10.766434039888525,12.906382124710111,15.653224568841013,19.124452864779553,21.909341473759632,0.9978397846062943
73.17523115445229,5.588383245326872,50.3250234007518,10.951309140234113,13.121334876591984,15.911188819470489,19.043296866577034,21.83272217603009,0.9996761602752554
83.72160493048011,5.86396709268798,50.92275597805097,11.0451438894845,13.069569264925553,15.92882339320816,19.21349692534205,21.946467028209934,1.0015125359442143
82.18126281226353,5.830718336693534,49.00913372312012,10.77422670133259,13.101781210884994,,19.09766049885151,21.746812543764168,1.0033489116131726
101.71931061037085,6.267432005099005,50.10064500616662,10.925174622723762,13.158215582326637,15.98204127825003,19.388088819192234,22.08466164740762,1.00518528728213
103.7032325638938,6.311933599671054,50.26475810910471,10.943275521188745,13.222943368557697,15.992386581692049,19.227417417305897,21.95661542821943,1.007021662951092
91.94341631432992,6.062604989928711,51.381957399095405,,13.15288911324764,15.940993917715947,19.33226004865634,21.882115835837293,1.0088580386200503
85.3622970856357,5.898422308479714,49.13889988715167,10.827932160693749,13.457230004306611,16.122347667153964,19.31771135842477,22.092069867349977,1.010694414289011
74.45688589879812,5.626671782983934,49.648903977686665,10.882856546402442,13.328646498450857,16.020665738976955,19.256965508608886,22.16132144370939,1.0125307899579756
99.17062927730471,6.2148651816491745,51.425280933550425,,13.471530870965559,,19.509057010158386,22.081759361464343,1.0143671656269302
77.11861391397024,5.693682105782496,50.35391455760057,,13.242866487800336,16.163021198166465,19.35518339759846,,1.0162035412958885
99.06360587891491,6.211148636168273,48.46811502566023,10.694684726025864,13.384358302234888,16.12751254700861,19.519640785615874,22.273779201724277,1.018039916964846
83.62151332656971,5.861672618532484,49.453824639680775,10.82492668522334,,16.20219617830206,19.71764621068575,22.288769710346703,1.0198762926338092
79.20423556331262,5.754038999088275,52.6912377276397,11.239462531749563,13.56012640417547,16.41907316874852,19.578476350425497,22.295329618780496,1.0217126683027635
101.04490158153322,6.255983507545634,51.16231832789242,11.075811196529209,13.47249746640384,16.307287139307935,19.524798568865876,22.422438376636265,1.0235490439717287
86.89221879060347,5.939613290433162,49.108416027739686,10.780691954016556,13.578671995467074,16.40851797648722,19.770242524362065,22.60528442545672,1.0253854196406875
84.27495379409278,5.875087480894689,50.06953961830487,10.907605239881915,13.709215845148641,16.46314662165589,19.681148461172512,22.32946501273929,1.0272217953096423
,,52.773309658210316,11.294712546829398,13.762365849039012,,,22.632927663156696,1.0290581709786064
,,53.76142003734864,11.379182523084113,13.580756143468637,,,22.585041181341364,1.0308945466475625
,,48.33473629643137,10.65717886986353,13.604334086484211,,,22.62322196788203,1.0327309223165224
,,50.18609995851384,10.878024186635074,13.828305663000645,,,22.641290299688446,1.0345672979854776
,,52.36699751551719,11.206667081722644,13.723952982377838,,,22.756527360664265,1.0364036736544453
,,,11.006995573296857,13.579176520186502,,,,1.0382400493234074
,,52.23934311106128,11.187098159287821,13.76186378321666,,,22.783617105761504,1.0400764249923666
,,54.79970068899144,11.48820968436968,,,,22.938733746374766,1.0419128006613219
,,50.34397498661352,10.912862850329793,14.173638513464663,,,22.84755768546159,1.0437491763302822
,,49.13780160978983,10.768127854509533,13.609440196977088,,,22.9092395625167,1.0455855519992412
,,55.479167634256775,11.575847566318487,13.905547603406971,,,22.88503829788996,1.0474219276682017
,,55.8290187819342,11.623876061828994,14.056300596853022,,,22.879238784002098,1.049258303337168
,,53.476288841842894,11.331662607096069,13.945947418112642,,,22.925266241872578,1.0510946790061129
,,51.068889497309236,10.984109455643427,13.778989439870973,,,23.12027685691015,1.052931054675076
89.58027116405225,5.997099764837721,53.62097306951292,11.339017990852346,13.90111031105693,17.259873918750884,20.264520516694716,23.16797658462774,1.0547674303440298
114.36386915540008,6.528471305369377,53.75831216281693,11.330859982982965,14.291544289375247,16.99112445602665,20.17169741094313,23.023147157773327,1.0566038060129974
81.71266706190309,5.811995850510455,55.14751432763508,11.531642906205882,13.97939694176229,16.918661190138877,20.030416388256004,23.155017227265336,1.0584401816819526
103.40154537308145,6.301409167207906,56.646211305384746,11.691415506836247,13.999231824394995,16.822274688306493,20.234945032507817,23.182484230374552,1.060276557350916
85.37162997432544,5.899641427320194,54.509173834825134,11.45086467053113,14.373745384849949,16.878303247220956,20.020213777125566,23.218628031958872,1.0621129330198777
86.18428857714451,5.919942269796517,55.38517535340902,11.545810590016533,13.980984489584571,17.12024002301035,20.2759592720334,23.24403266615443,1.0639493086888356
117.44950727166984,6.582368497586801,54.369699885962326,,13.876869669867878,17.052178137232683,20.097135090425077,23.350017807135366,1.065785684357801
87.65912668269698,5.956873858943503,56.29577298755103,11.681297932592791,14.308728409081066,17.190374539971575,20.244384167960636,23.285033102139412,1.067622060026753
85.24894771201913,5.893406941545578,55.11993815888916,11.509699598666812,14.458917008850063,16.97052766527238,20.331822519697088,23.514153173440754,1.0694584356957126
123.72229256056944,6.702334861583148,54.55824708365883,11.430552750562443,14.268258177055204,16.98759211843273,20.40952043277936,23.395810084556864,1.071294811364675
91.792758860281,6.0495812171935075,55.820308239034894,11.602681637704396,14.209794622941104,17.181695250178304,20.328111817895174,23.353340403645863,1.0731311870336282
,6.328765368784417,54.89055032754683,11.481281587527736,,17.113239495899286,20.166991035732615,23.55032097878521,1.0749675627025923
104.68601522501984,6.323911169029946,,11.299616298911019,14.463630044345674,17.28363365032998,20.236455647750102,23.547470521054173,1.0768039383715462
78.68384855572862,5.733899342288988,54.727564258033524,11.437861582127997,14.634921283310627,17.42858920721237,20.386803059484556,23.723289801282018,1.0786403140405079
109.09783141678487,6.416861546413241,56.16285859651165,11.621978553962588,14.673445125496619,17.23853825753721,20.61397199400851,23.760373521518325,1.0804766897094737
91.83347021074113,6.050590707597986,57.92107622661045,11.826136848845533,14.722918753661016,17.221910215385638,20.428193766013642,23.575421434349206,1.0823130653784307
91.82892973472686,6.0486913075556314,57.16526459976272,11.743686751563587,14.55467462779293,17.019139950915818,20.286623274593477,23.764588731268102,1.0841494410473935
92.80422069330592,6.071954435465605,55.04466171444197,11.482619826216343,14.560873538517411,17.367576324917252,20.266578024046876,23.840699689155212,1.085985816716349
104.40811781115977,6.323750160686726,,11.818546940789144,14.697585051684895,,20.589188417939408,23.8236877190547,1.0878221923853053
93.9624597856969,6.095881836037952,59.810060927146054,12.052807427840985,14.629096593382862,17.386419251164547,20.52555670705937,23.909102726719674,1.089658568054272
95.93523839039428,6.141007657939522,55.533622047959696,11.519032071308011,14.709837601600835,17.523591624803466,20.604869817959823,23.659722973042246,1.0914949437232242
94.16316099444057,6.099216351131801,60.23521305569586,12.100974885031373,14.71464859918225,17.349537728164286,20.438739338545318,24.04093956409963,1.0933313193921868
95.3530882216252,6.12501577827727,55.05721134373696,11.479983453161474,14.663453734917637,17.42792381389853,20.63361647048107,24.13902524069592,1.09516769506115
,6.578382491081597,54.75238229731612,11.447365831559509,14.646108343913946,17.373608758698378,20.570622287896814,23.8317493442034,1.0970040707301096
93.69179224733706,6.087706870639559,57.311930332597036,11.755679190818404,14.614421547973027,17.547533958601495,20.614500528902784,24.083650972158562,1.0988404463990675
113.23268257131093,6.500466675707342,59.854447261495324,12.062050339400646,14.592898163448726,17.592679025355913,20.721067011487463,23.885195193482204,1.1006768220680252
101.65811881500287,6.261206574927417,57.07433861202979,11.734523980000166,14.997855070545622,17.61648080072493,20.888732764323517,24.24402942205271,1.1025131977369826
,,56.684832519551094,11.665105382080725,14.978870870985695,17.56404613094784,20.860961394786557,24.124002581631135,1.1043495734059379
93.11077192984929,6.087764545130488,57.819380426540036,11.818249517921288,15.017772668580102,17.652179015760286,20.899645036950023,24.123512174012145,1.1061859490749013
119.9985071186126,6.635558106011754,59.49714306978785,12.011052638495315,14.867305937183579,17.562862651266894,20.84899158251834,24.398425833169526,1.1080223247438663
112.08915311755045,,58.89470900722329,11.925355948581352,,,20.790353043856175,,1.109858700412819
94.28900359360854,,62.51723478681424,12.356221450005124,,,20.64929110389973,,1.1116950760817785
115.95900086419215,,61.27998327196468,12.181350255354722,,,20.81871517973557,,1.113531451750741
95.30615070816542,,60.15984395160028,12.076744111416964,,,20.89354870095822,,1.115367827419701
99.07897069540073,,61.22118947703277,12.194650994236763,,,20.885044116686384,,1.117204203088668
125.64796217508068,,60.67266879150483,,,,20.80957789160027,,1.1190405787576214
105.15071983019726,,60.80398508185658,12.130065227098534,,,,,1.1208769544265778
139.04865144129397,,62.83628733805596,12.380497062829656,,,21.02920312307056,,1.122713330095539
119.67090959197664,,61.989917043596655,12.28965754703737,,,20.954145079124924,,1.1245497057644973
117.26409245814818,,61.4676342175699,12.218018216198564,,,20.53646572959461,,1.1263860814334619
99.57422725207597,,62.131341638958986,12.2854138847333,,,21.23367306539973,,1.1282224571024204
101.9729375346109,,59.99534648865579,12.032245391004759,,,,,1.1300588327713783
,,62.78124244732386,12.35737620112057,,,21.02155577409353,,1.1318952084403364
129.41998621847736,,60.198550374021714,12.06891914605449,,,21.089338983681134,,1.133731584109301
116.10771303084668,,59.494137793612126,11.972366742033463,,,21.233702202481073,,1.1355679597782609
126.91283713316554,6.757583003003514,62.33018618127923,12.314095784230457,15.364186835892978,18.093802289387668,21.174417949302928,24.896300794339794,1.1374043354472192
,6.966704528572326,,11.981200168677466,15.515710559796508,18.10689445713262,21.32014529856833,24.9690616155752,1.1392407111161782
134.39963106265313,6.889163018645187,61.87079890397863,12.24838254590389,15.451335234654998,18.230871183673944,21.324174078734163,24.990512457504234,1.1410770867851376
104.73408293034568,6.323865598920293,60.37774443155368,12.095757028586267,15.496103305069411,18.15159643856857,21.257678115622298,25.035009695988858,1.142913462454095
117.40534040455174,6.580505812637366,64.8146404040328,12.590136042292933,15.514448779435885,18.364643770142724,21.156510319107934,24.96034792621107,1.1447498381230512
,,61.60381758042201,12.218280946822778,,,21.173025941380416,,1.1465862137920182
,,69.67775892963965,13.127683932881125,,,21.4386217375167,,1.1484225894609672
,,65.11921409722862,12.633985629854362,,,21.287197321850137,,1.1502589651299309
,,60.696556109054896,12.146692758455984,,,21.460248075109075,,1.1520953407988896
,,65.21220011803588,12.625089204783933,,,21.4216020576538,,1.1539317164678489
,,65.75766429664655,12.700683917046476,,,21.40205026206749,,1.1557680921368039
115.61818757518715,6.545066856125586,63.960947163295295,12.458394012781406,15.632833444245097,18.445140984559366,21.614581989873,25.395817972487233,1.1576044678057682
107.41122584927632,6.379461445063702,62.54173475602435,12.317763509155375,15.7181513888594,18.533958718066017,21.5178023025601,25.394251025442937,1.1594408434747345
128.25711910487843,6.782136662974216,65.67582087665878,12.655417886530106,15.780121597422873,18.601710697711937,21.582835239855047,25.437169857326218,1.161277219143691
137.68467918141016,6.9472858022011845,65.01671462118956,12.588710303679298,15.766424279093863,18.617945680367296,21.726555482962418,25.464158237754553,1.1631135948126463
141.96722429472396,7.02080562819893,66.25567082657096,12.698461851343474,15.538180650939752,18.695382102603265,21.693435833086564,25.57569278262951,1.1649499704816135
115.8161320133931,6.546150853507984,63.47114829362627,12.429425409617673,15.778536492953299,18.580012922794456,21.80754112866952,25.59639754165254,1.1667863461505719
142.08759878205404,7.022757783559837,67.3519281133193,,15.541236567496723,18.457082029458785,21.782066874646297,25.491738216154836,1.1686227218195284
129.213520744367,6.797634092562644,63.252545570960805,12.374888982176778,15.711397205832297,18.72606239801423,21.8907612518248,25.566654077319246,1.170459097488489
139.1152795510285,,66.91985068128837,12.81173445085139,15.915425238499607,18.809470479389777,21.85737855996335,25.60340389472583,1.1722954731574495
146.3875449542347,7.094282268511413,63.029371954124784,,15.70635744200257,18.952348180520858,22.032063043951158,25.93487535482004,1.17413184882641
147.67778483015374,,67.30090255949929,12.90046840667942,15.88944024371227,19.011901023706756,21.95532639936575,25.697024641168024,1.1759682244953633
137.29540848165578,6.941671468495732,,12.400329138901412,15.999608555841245,18.81475004743703,21.810197834099654,25.497302913121178,1.177804600164327
126.14320805543156,6.73949380731736,,12.624019891752775,15.968507118895149,,21.961910403509698,25.824108275211493,1.179640975833285
124.47691788130852,6.711215253478982,65.19666694700324,12.616651679632533,15.833654532639452,18.93348706208812,22.256361625587687,25.946543236930612,1.1814773515022436
159.29923331993507,7.30242946242685,67.69176707680182,12.855269206009543,15.871943129973337,19.10017957497115,22.207510400202484,25.861321944405994,1.183313727171201
,6.8409430290943085,66.37252190746224,12.728676737540784,15.908153879550529,19.041098542749648,22.396508209154504,26.054186998342182,1.1851501028401634
116.17406792556035,6.550427672349839,,13.01678420004815,16.071750409105952,18.85625340274833,22.245419545342006,26.00597047892137,1.1869864785091144
97.06927062154786,6.163149258926567,66.85414982009972,12.780900859001422,15.985873104080417,19.022177950211283,22.15454576989148,26.15092018723611,1.1888228541780779
118.130627560432,6.591371177992295,71.1357086264209,13.238378528628589,16.219457347676524,19.05130472466991,22.308201862601504,26.034483673207824,1.1906592298470382
126.76491025809027,6.752491282513588,66.69513803902043,12.765625631008627,15.910332031429908,19.057510969847346,22.427548487188286,26.17333714073282,1.1924956055159996
115.55081190703694,6.5392363284495065,70.13772005294959,13.127763339397685,16.063906149029968,18.904291633313317,22.544520347957963,26.315793708850734,1.1943319811849507
127.70312148866388,6.766164040074565,65.50401711749956,12.626070964506972,15.989552666352816,19.083456369775988,22.611655654883585,26.113013132328764,1.1961683568539179
116.02902763396821,6.551552984563545,70.00405780046344,13.103784816188837,16.17317934422889,19.12750976475595,22.43790195053712,26.119996857240526,1.198004732522877
157.94473829987678,7.281067913466565,69.77702974488744,13.053069544046906,16.003738446101558,19.18259366644744,22.84513138179274,26.26234334870802,1.199841108191839
158.13618809212417,,69.78565894950393,13.083710020599588,16.117910578453536,19.330138012495997,22.609575225259302,26.10769633788251,1.2016774838607933
129.8597790362197,6.808872256324711,65.76922076328607,12.660826096891817,16.147210388141794,19.529056418044554,22.61630766299748,26.56966263775109,1.203513859529752
,6.7144023571500755,65.4102793635129,12.616259150587041,16.191289932907388,19.1235250003768,22.835184912670524,26.434587395311674,1.2053502351987124
164.26256136777604,7.376814307696783,70.8741481553934,13.194644473176004,16.074054738531064,19.442268464949837,22.79708455923784,26.60777205715218,1.2071866108676828
127.4480450321177,6.766707605767154,,12.629830490026404,,19.442294513591296,22.844675369921724,26.569265955756734,1.209022986536629
,,,,,19.42361017454754,,26.674435764916307,1.2108593622056016
,,,,,19.310819367938713,,26.412658220708348,1.2126957378745473
,,,,,,,26.619394828445788,1.2145321135435128
,,,,,19.506994070900934,,26.649273299440665,1.2163684892124689
,,,,,19.512820244652982,,26.956105449481488,1.2182048648814359
,,,,,19.685735313590275,,26.695992879865724,1.2200412405503889
,,,,,19.62950367697988,,26.9085455695467,1.2218776162193479
,,,,,19.57270180570378,,26.898615632191046,1.2237139918883069
,,,,,19.698602516713528,,26.900067526456294,1.225550367557263
,,,,,19.65584978815954,,26.878283467756177,1.2273867432262295
,,,,,19.591532849235936,,26.632876332151376,1.2292231188951857
,,,,,19.731941286915532,,26.988590189925677,1.231059494564146
,,,,,19.788186190016514,,26.82142644980138,1.2328958702331
161.45657963620448,7.327634500703002,74.12457142632827,13.500292019632285,16.351096413642786,19.684588612947895,23.572919977538277,26.928153580672824,1.2347322459020644
130.09679079937536,6.813004108448022,74.23032758445196,,16.265594854310727,19.88962828434362,23.735693701518223,27.05342885831313,1.2365686215710257
150.91949453398436,7.163053294395798,72.85945871801555,13.396619524503496,16.348457001833747,19.77973375399133,23.710739232664768,27.084495736794523,1.2384049972399744
,7.373726486509739,,,,,,27.170658882113923,1.2402413729089388
,6.854923064345744,,,,,,27.243992755542386,1.2420777485778944
,6.907679945307803,,,,,,27.239049845547143,1.2439141242468557
,7.36710095120643,,,,,,27.18354347175741,1.2457504999158229
,6.949331986940814,,,,,,27.352143573049474,1.2475868755847794
,7.0179438921439585,,,,,,27.23240890211047,1.2494232512537358
,7.025110533012262,,,,,,27.469930680209178,1.2512596269226983
,7.327885389997797,,,,,,27.390512542203613,1.2530960025916618
,7.260136187637127,,,,,,27.52980504996184,1.2549323782606165
,7.219747992690418,,,,,,27.61435429170982,1.2567687539295758
,7.431383534364912,,,,,,27.762502272208895,1.2586051295985379
,7.092551647526403,,,,,,27.531237142214284,1.2604415052674924
133.65224845400238,6.871233961753665,74.98253854522062,13.566813400559065,16.889650052177995,20.20835289361156,24.404621261110375,27.616870544708608,1.2622778809364492
,,,,,,,,1.2641142566054075
,,,,,,,,1.2659506322743725
,,,,,,,,1.2677870079433342
,,,,,,,,1.269623383612287
,,,,,,,,1.2714597592812533
,,,,,,,,1.2732961349502079
,,,,,,,,1.2751325106191649
,,,,,,,,1.276968886288131
,,,,,,,,1.2788052619570902
,,,,,,,,1.280641637626053
,,,,,,,,1.2824780132950118
,,,,,,,,1.2843143889639643
,,,,,,,,1.286150764632928
,,,,,,,,1.287987140301885
,,,,,,,,1.2898235159708387
,,,,,,,,1.2916598916398052
,,,,,,,,1.2934962673087584
,,,,,,,,1.295332642977719
,,,,,,,,1.2971690186466813
177.59926539925186,7.573449899115927,83.9143100392485,14.450560395310678,17.03534007751351,21.005631761634607,24.832002342130178,28.233078085953505,1.299005394315637
,7.106280842151713,76.84048334395266,13.728733953463585,17.046779463431417,20.927210124969715,24.72152582339114,28.646547743811144,1.3008417699846067
164.0060741427983,7.36624794455971,76.47496813459152,,17.28142416292731,20.718316904296334,24.909558092299115,28.565344568637894,1.3026781456535632
144.22916698812818,7.05290784753996,77.56109627009434,13.807479502817086,17.023367806018847,20.807702190937565,24.850189310347407,28.703272641269063,1.304514521322522
178.34554334785062,7.583425443833325,,14.094166427983547,17.04717844771337,21.264848841965676,24.92706288088808,28.533726768878438,1.3063508969914797
159.09605719572542,7.292626566974262,,14.23253056792732,,21.069881606153288,24.93662045287269,28.609219845380466,1.3081872726604442
170.74893800897433,,,13.86298966598048,17.09384781179626,20.930624041581446,25.1132789881407,28.679853644768944,1.310023648329398
179.70529144090173,7.601461383577947,,14.092159013648171,17.179637934380636,21.144051350509326,24.946390563075003,28.613668772988976,1.3118600239983533
184.12886428666795,7.665593313819668,,14.056296886175483,17.38504908286335,21.06570539745647,25.024921967499512,28.711929059512762,1.3136963996673137
179.17735032242362,,,14.207374300672022,17.33418838499962,21.181987759910378,,28.730932606866176,1.3155327753362807
165.87727303363204,7.397986233187017,,14.005300607150668,17.14310035733829,21.047826370213958,25.14405494734824,28.780502331631048,1.3173691510052372
171.78273723205044,7.484994661426073,,14.00316541731385,17.3326670896039,21.242689553466402,25.08795774510713,28.842725740135933,1.3192055266741982
206.44894604968383,7.971971255389029,,14.483129451846967,17.21317563075616,21.411745877797447,25.015983204600612,28.791397169714703,1.3210419023431514
185.16225649520763,7.6805185014150394,,13.935262679659834,17.57973808464596,21.206944533141268,,28.88803286233203,1.3228782780121096
202.94674257629205,7.925931307144749,,14.337376961246655,17.340463870886193,21.225234566532038,25.346350285165446,29.027190996759835,1.3247146536810654
194.4096722528518,7.808443525214204,,14.095973068370125,17.38996252407462,21.331275899798232,25.086115285322265,28.912199172900397,1.326551029350031
180.30165624515368,7.613690397796598,,,17.493950522480308,21.20719428552359,25.09475126749683,29.275330159931773,1.3283874050189814
160.07345611945138,7.308719812184781,,14.388950307697714,17.688036715977347,21.45856033866168,25.327684783252128,29.103687760020176,1.330223780687947
191.19856991003365,7.764048231035301,,14.057537172597838,17.468883841954113,,24.992522230119185,29.116555050239104,1.3320601563569103
180.77985470155943,7.6177542164108,,14.315460708207354,17.413831908055474,21.292151268311827,,29.177711683419773,1.3338965320258733
184.90596194795242,7.675568639230086,,14.289420046781148,17.604525001269643,21.5240534705247,25.122009246443564,29.16144095635019,1.3357329076948223
161.8168469275273,7.333878617776122,,14.625434525220376,17.63397038322527,21.87023445809665,25.449439172910612,29.45121325328209,1.3375692833637935
173.16587876948304,7.504835060878792,81.40231418647106,14.189820984084077,17.527044338514845,21.40315253001201,25.453573731267067,29.371150007129177,1.3394056590327479
203.63886798372232,,88.6641558710014,14.875413282301011,17.6040512751372,21.314987389354126,25.192494691534854,29.180605436378702,1.3412420347017087
,7.442809617952541,87.38015460455483,14.759174379748922,17.457884125872177,21.782202916695198,25.29232295705898,29.411677526308896,1.343078410370667
158.8395897605852,7.286390513800859,86.97766874709538,14.707338397738045,17.752197725616714,21.720107771558453,25.3215392807445,29.31416874630936,1.3449147860396276
,7.816031936042814,82.83724584562019,14.291774744026679,17.746145945016877,21.614487009953763,25.394334808648004,29.50756867442146,1.3467511617085757
180.33382331077033,7.613059651268858,85.02410208744142,14.512792023041728,17.629806639876023,21.653075868034403,25.4041095465057,29.38903901801476,1.348587537377539
189.79057530164724,7.745526011503077,84.8854842566625,14.499810851211473,17.772948765324582,21.725920878194987,25.212736344570235,29.50868582734176,1.3504239130465026
181.03793523101373,7.62061023171584,88.06298012382103,14.800865547101495,17.705258967773855,21.743772986717293,25.221988275369018,29.679257546857805,1.3522602887154602
179.83519463266032,7.601696222318425,88.79963181368555,14.861936988515492,17.83040771320626,21.843669889759607,25.59744622461959,29.883164118634014,1.3540966643844246
172.08005106891122,7.491431759527187,86.60004115355999,14.625257621754987,18.02549727622767,21.842597396413137,25.48085781649373,29.52639425734155,1.3559330400533822
,7.640270534500724,82.85902317262446,,,,,,1.3577694157223366
,7.96994628144801,87.53813363460893,,,,,,1.3596057913912978
,8.023973164684218,86.03783015331666,,,,,,1.3614421670602639
,7.537694298292963,84.78636270622465,,,,,,1.3632785427292171
,7.400782884809932,86.98018547824488,,,,,,1.3651149183981808
,7.538176672553614,84.8170333580467,,,,,,1.3669512940671282
,7.991756769533392,90.07941213681578,,,,,,1.3687876697361043
,7.966442374398349,90.23284228663033,,,,,,1.3706240454050553
,8.027265392448378,90.6191217270697,,,,,,1.3724604210740194
,8.071219910766917,87.93775527004267,,,,,,1.3742967967429776
,7.640618404547526,89.38374362857694,,,,,,1.3761331724119328
,7.521051526548386,86.67674423517832,,,,,,1.3779695480808922
,7.407099027341095,88.0826037686042,,,,,,1.3798059237498561
191.4802810098267,7.7674784497852745,90.66628681185013,15.032045397616026,18.36303274909719,22.371494657557115,25.752248877187597,30.256482516815115,1.381642299418814
222.0257009231577,8.166346304906197,,14.956066345629266,18.250971786069716,22.230148647721645,25.818408498405745,30.27370125708345,1.3834786750877743
174.11356572160312,7.519188593474219,89.32518668464418,14.890622215221425,18.43548022106555,22.27659062996714,25.88621716372022,30.383374469223607,1.3853150507567251
223.63365779133352,8.190726616879937,91.40305253470395,15.108067477787227,18.22856835751443,22.296013085076613,25.953573250646247,30.391283321769187,1.3871514264256952
204.12558100487263,7.93310859284294,91.23817292655968,15.092641531638158,18.55215953932364,22.314484707407274,25.989789374302568,30.310999599069987,1.3889878020946587
166.06352272890948,7.398559334965422,88.13948435037202,14.79925089608934,18.52739755255778,22.282084266746768,25.896998144193343,30.471448483100072,1.3908241777636132
187.65118759153557,7.712092598778478,89.95972436338621,14.970315101502758,18.52114932110389,22.424757343314837,,30.90945873398442,1.392660553432565
190.96033443705744,7.759458636188276,92.58851513079057,15.197366760000541,18.574331941220102,22.465957078402504,26.145073960558825,30.754342673226603,1.3944969291015228
218.05459950742159,8.116408473311182,93.3906994066131,15.268332616594513,18.756900722103968,22.25221685362681,26.060834553188965,30.429504797013138,1.3963333047704856
182.62354939022904,7.639722139366252,90.6659075333121,15.033073312495013,18.365662505734758,22.506755952549295,26.156626395513264,30.573618596118845,1.3981696804394461
210.49818358764114,8.020485687086133,88.30190827885497,14.793306734325643,18.600245617079743,22.618288621077983,26.196116894356525,30.67077749067601,1.4000060561084058
177.41014858130475,7.566223291773447,90.78213977541843,15.017029702308976,18.740316678990226,,26.297750527690056,30.690365556544563,1.4018424317773632
210.1303295561237,8.01510151407134,93.74641361451869,15.316680109098511,18.957645428346137,,26.37017653918725,30.706616971289385,1.403678807446322
232.13566192377726,8.291155293821488,90.70466268096133,15.026195518417257,18.713057074234587,,26.36246008816649,30.892735020622283,1.4055151831152835
201.08843819191478,7.896338706208341,92.50704720573175,15.173382313460412,18.60377410643013,,26.46504846780206,30.756829556962355,1.4073515587842507
205.94967776364714,7.958997428892282,93.63307203830529,15.289077829324002,18.962358808775683,,26.614006526089614,30.889777906210302,1.409187934453199
208.9817438966356,8.00132660990627,90.13263857020166,14.958918161831749,18.721245934288,,26.48642232424638,30.864453373445084,1.411024310122158
212.46811333046543,8.044858011883752,92.82222462736235,15.21337392721985,18.517685938984464,,26.378426402606507,30.96937556828819,1.4128606857911215
226.42682514482902,8.219467778009676,91.31968196280137,15.06680037170357,19.135646333467722,,,31.127378857504088,1.414697061460079
214.78526859625134,8.073514141027506,91.74241195203905,15.13273169302208,19.156857418569484,,26.565159666110958,30.99687614768378,1.4165334371290392
184.63923278672846,7.668889138121193,91.0148855897732,15.03258350498961,19.08506935955495,,26.662028027609978,30.880017280754846,1.4183698127980005
229.78557019525942,8.262316674898846,91.69733211514337,15.08649527581288,18.86116160250682,23.085841607496498,26.720876789708303,31.1153195463836,1.420206188466955
197.86338455316215,7.850773090823544,96.5880760240592,15.536590459846662,18.987129728935955,22.815466640622258,26.46957020469642,31.05734698761405,1.422042564135918
229.35247988517926,8.255088731282246,91.48823565361775,15.087445142684434,19.171574349709235,22.820619951097452,26.702620348317595,31.117683451499556,1.4238789398048846
195.9646046462437,7.825530115868205,92.92422177736464,15.226136145103428,18.90436665501745,22.877464099292528,26.720426017686368,31.468393157637784,1.4257153154738365
231.95048287147662,8.287606087654805,98.28210484032665,15.716550328068282,19.128592818480794,23.166521397984045,26.872277779823474,31.2057179572075,1.4275516911427972
225.7594494614758,8.212952508099415,97.40938062662215,15.627098935965671,19.21701548883174,,26.872100878090613,31.385692055401567,1.4293880668117536
197.90784591031905,7.8511659168613015,92.4191656623842,15.173666314587264,19.022326624634605,23.118874147712187,26.87034062569987,31.155926780809533,1.431224442480705
242.0031172684946,8.407941922588552,97.51194062740895,15.62674403956928,18.950802266556334,23.07032072279256,27.18772499335554,31.309963158468527,1.433060818149677
,7.803388695297019,,15.516201905957963,,23.04273028990073,27.100725714567105,,1.4348971938186312
,8.056042626612864,,15.361094481932756,,,27.227694569272362,,1.4367335694875922
,8.008531112095115,,15.38564847655078,,23.11238167011337,27.10738956983714,,1.438569945156549
,8.063565537585255,,15.32020112326825,,23.298096602326616,27.377996728640852,,1.440406320825513
,8.502126316704768,,15.26813266002617,,23.225716803964936,27.255240758771006,,1.4422426964944677
,7.824701750318008,,15.306215673609845,,23.242617765232062,27.499671622705527,,1.4440790721634293
,,,15.809407498561198,,23.146915524264337,27.2918805516543,,1.4459154478323935
,7.9893083142624475,,15.502239069823549,,23.423770953408823,27.557464379806795,,1.447751823501357
,8.437087250269597,,15.329206502720629,,23.31085430288688,27.40595122067452,,1.4495881991703028
,,,15.725434500681772,,23.402184387558023,27.57955715340176,,1.4514245748392667
,8.571299411321162,,15.629096836128996,,23.49907889865234,27.452794315941155,,1.453260950508224
,8.331651233134354,,15.525472002280004,,23.523937292437253,27.775004940651684,,1.4550973261771825
,8.027661219186358,,15.515348298549101,,23.56529580744109,27.637223192776272,,1.4569337018461384
,7.791391218706179,,15.997527081543161,,23.607162662451245,28.029586066165244,,1.4587700775151038
223.55406195506004,8.184320415076344,,15.393144339332878,19.717765146219538,23.528968592633422,27.86356771699041,31.816329251972917,1.4606064531840612
216.40900737283945,8.093873301166504,96.71724840309646,15.523610999571416,19.7634616056637,23.51991932999121,27.756860398228117,31.882819581637268,1.4624428288530247
220.51201242820633,8.1443497797933,,15.613726621380414,19.574572762200617,23.6043654706815,27.8010556746582,31.86494321130968,1.464279204521976
218.90046969007665,8.12437329182811,102.5985016291794,16.061850878443927,,23.544253882627558,,32.16024384666633,1.466115580190948
251.067072326557,8.511301375274348,102.2751636556752,16.0229081884437,19.73361377733331,23.903761821967404,28.145121837304302,32.20236764806378,1.4679519558599008
216.6247172644385,8.096411821692444,97.27966016451734,15.613516620867156,18.950510208280967,23.75100280656162,27.824751750043898,32.288909037266194,1.4697883315288582
232.29954288260305,8.289078514342506,95.64466468954784,15.432105544850574,20.025875704124626,23.53136211226888,28.227121886700353,32.24262958444009,1.471624707197815
239.06988049265416,8.371661523613337,97.25365354736215,15.576645863291125,,23.76094541114883,28.126236195125397,32.18318245327825,1.473461082866788
269.36294357479113,8.720648198670458,98.5375641557447,15.687781108618601,19.980246734445842,23.85625828358859,28.23014015732614,32.15254533691495,1.4752974585357432
246.43219808974652,8.459970346606616,99.42361434415778,15.763345059333817,19.739877621352043,23.789388968786014,28.194459920707416,32.40056400876912,1.4771338342046945
261.9151531187152,8.637266227047393,99.16338503774428,15.737375028814718,,23.66465390749896,28.298126700235333,32.43763312348556,1.478970209873657
214.65550659491487,8.07048687126844,98.02928239931518,15.64845324561476,19.923665308086274,23.805308392504646,28.361938231972072,32.42816937345707,1.4808065855426162
,8.728362734121287,99.57768433544446,15.767108520097553,20.166025350016984,24.051218716908718,28.3011296106669,32.517801740382545,1.4826429612115832
257.57142507982167,8.586321514981583,106.70526052364185,16.42033860751246,20.181910766222778,23.954046611381134,28.514196426548015,32.403842482114506,1.48447933688054
229.1710093132782,8.251640358433725,100.80666559603486,15.903539576258865,20.195730860085742,23.99378235180969,28.548422991687453,32.385029023132,1.486315712549494
243.52944545009197,8.426470779549675,105.26253607449372,16.29588953838848,20.321870670262285,23.84903267870748,28.552335727176043,32.614277755406164,1.4881520882184507
260.5954965272318,8.622685893672873,105.21902181577907,16.2757116226415,20.18043362432643,23.82446025606277,28.61927647102314,32.55208535918147,1.4899884638874143
,8.162630971143281,100.13165206021456,15.82285815127723,,24.113715053487,28.665160697258592,32.701864603652126,1.4918248395563818
275.8609786026696,8.788106070930054,106.24201348332886,16.359887495920646,,24.05104536163241,28.66769658994267,,1.49366121522533
206.0979819231672,7.95891232535644,107.04627041042951,16.45125655162937,20.35898503621778,,28.683392006782462,32.793153657654294,1.4954975908943013
228.21119336335485,8.240377836179404,104.62381380112419,16.218445173479353,20.45848463030721,24.114213492211586,28.64299304774533,32.841764916557,1.4973339665632552
226.48223756981332,8.219637253862617,101.81298377405487,15.969892344781329,,24.123606283176162,28.66563841195833,32.72975190752658,1.4991703422322038
,,,16.25520842265939,20.15290520153002,,,,1.501006717901177
,,,16.47262679411268,20.456444694188846,,,,1.502843093570131
,,,16.454886049613126,20.264094165510905,,,,1.504679469239074
,,,16.170520723836823,,,,,1.5065158449080467
,,,,20.424571692175615,,,,1.508352220577008
,,,,20.44413318297598,,,,1.5101885962459656
257.54257574442045,8.585377509676304,108.80550860279787,16.572073542029617,20.517225117302505,24.382997009286917,28.94022500617851,33.12369023519098,1.5120249719149232
,,,,,,29.087706896930634,,1.5138613475838785
,,,,,,29.226557217783345,,1.5156977232528428
,,,,,,,,1.5175340989218122
,,,,,,29.077387259525388,,1.5193704745907672
,,,,,,29.10784360556792,,1.5212068502597205
,,,,,,29.1421875994023,,1.5230432259286792
,,,,,,29.19408156724559,,1.5248796015976345
,,,,,,29.29679304725797,,1.5267159772666012
,,,,,,29.440342518582764,,1.528552352935557
301.6992358214408,9.056454194259484,108.24886230126265,16.504554329048936,20.8026716510649,24.81575010341977,29.42314757800237,33.54685895914411,1.5303887286045263
291.0084905493472,8.947254150560237,106.70112909475743,16.36814102918326,20.739622772779924,24.559592928092773,29.212066504534103,33.563194052243155,1.5322251042734687
227.26825978570372,8.2284345827056,111.47453280202444,16.783390579462793,20.95882535820618,24.82443056174462,,33.608137890735655,1.5340614799424417
274.2299494796785,8.769341059542251,105.0960073521566,16.243620687589882,20.917330529089618,24.64659496626363,29.451068417057545,33.61124524275911,1.5358978556113898
290.711190171952,8.941840960700215,111.06197891431805,,,24.838616590032785,29.464455793015798,33.57206930241127,1.5377342312803532
273.23078210835473,8.75769386213678,106.39228986168729,,,24.956557909698297,29.480165310954636,33.53967594800666,1.539570606949318
301.3638857957108,9.052842181981546,109.74728472735084,,,24.824264436838916,29.44396135214537,33.69943570729414,1.5414069826182726
278.99167741492886,8.818185283923237,106.76238767235625,,,24.855488577040983,29.61496222107496,33.71075026564984,1.543243358287235
246.25501970218428,8.456934816782699,108.07240581198435,,,24.702616584576695,29.44737896684876,33.684589477686046,1.5450797339561921
,8.266218033705293,107.71173690072968,,,25.00429817165958,29.361310967014084,33.80036692171073,1.546916109625151
248.26844456916038,8.477666124355085,110.58555523534386,16.716335422217526,21.08282595674445,24.90391084219378,29.75893838115426,33.74286623897791,1.5487524852941084
265.18003093231016,8.671400324283365,113.6382455417759,16.94993485679427,20.97315461837255,25.042431988097615,,34.04014570382512,1.550588860963074
263.7087650743764,8.65020493088545,,16.30027455495074,21.051786864142997,24.715103454665726,29.490147028782264,34.062844469709056,1.5524252366320248
266.34999866609445,8.684072113283014,108.94478765212531,16.573770141101104,21.0791833602834,24.9162482659079,29.54878704868671,34.007439441728486,1.5542616123009956
304.21480149996717,9.081336030553855,113.54153612281303,16.948978101471575,21.0064465221398,24.96538269169466,29.683107993118092,34.03900585876439,1.5560979879699504
241.23186493945164,8.395062844041925,,16.817640713711448,20.94752821662942,25.020440935177312,29.49757297512164,34.18236056005627,1.557934363638916
246.8288756327276,8.461426829247879,,16.745222692617258,21.490216349834782,25.295161999352814,29.66396023681455,34.064547599238686,1.5597707393078704
,,,,20.944018422303277,,,,1.5616071149768376
,,,,21.227928792621956,,,,1.563443490645786
,,,,21.23609667558211,,,,1.5652798663147476
,,,,21.106455802474425,,,,1.567116241983706
,,,,21.079244952591647,,,,1.5689526176526691
,,,,21.018105883723063,,,,1.570788993321626
,,,,21.39278335251959,,,,1.5726253689905803
,,,,21.16490041474772,,,,1.5744617446595408
,,,,21.174342907959495,,,,1.576298120328506
,,,,21.23307542491912,,,,1.5781344959974566
,,,,21.384408050455708,,,,1.5799708716664216
,,,,21.41624484307176,,,,1.5818072473353808
,,,,21.368335979432562,,,,1.5836436230043518
,,,,,,,,1.5854799986732975
,,,,21.31566448326798,,,,1.587316374342266
312.3861288784942,9.162244131394237,,17.055150033840043,21.167281421065788,25.784142012096083,30.13274915957243,34.68949507996537,1.589152750011219
263.7415332052531,8.652692978195773,115.6220577716773,17.104211772030997,21.50893151320819,25.78253694678804,30.039264068453026,34.62755324883702,1.5909891256801776
,9.324963068926149,,,21.262588375227896,,30.067519234186236,,1.5928255013491373
,9.428037568527031,,,21.24936128463671,,30.084164614466516,,1.5946618770180971
,8.515040707118231,,,21.536041851069875,,30.32895357971191,,1.5964982526870637
,9.345192696715442,,,21.364523052928362,,30.204561388049967,,1.598334628356015
,9.30393261633477,,,21.417573841345,,,,1.6001710040249741
,8.621465676369176,,,21.57541930320187,,30.191776539563012,,1.6020073796939345
,8.831261993056136,,,21.63466668137341,,30.353974418644267,,1.6038437553628895
,8.85798580222232,,,21.67908819866387,,30.275779820863427,,1.6056801310318596
,9.308601272008842,,,21.643628455661464,,30.05206606506228,,1.6075165067008144
,,,,21.66293780764018,,29.978153612292747,,1.6093528823697743
,8.849586265678857,,,21.578458716836977,,30.24540768674853,,1.611189258038735
327.58226011974494,9.313588766860523,123.28158178812117,,21.519731539996478,25.64843955603194,30.24620326187388,35.207000472076984,1.6130256337076823
254.68019984970587,8.547861505118062,117.25898628068681,17.226866239344155,21.539672680187454,26.03139127342079,30.277154246322393,35.36958493064146,1.614862009376648
300.3168996763978,9.042731631397437,115.10552646918954,17.047915632710268,21.51866805752435,26.033113553033573,30.433062532813057,35.30328240495518,1.6166983850456205
307.4616292317907,9.114931472301793,123.99725270925258,17.774904012287372,21.625909500694316,26.245415837295813,30.213080833808366,35.551550708918974,1.6185347607145775
322.200229236383,9.258283331169833,121.37668012808318,17.56928979602263,,26.217521216966645,30.445938917402373,35.42680195791949,1.6203711363835271
331.6238340063603,9.349609374796593,118.63841817187156,17.33417242574382,21.5175609738137,,30.47126015820965,35.861880288774195,1.622207512052491
304.07705998430856,9.079085014537487,119.17756528433887,17.378276539350658,22.032428992650857,26.257884705070158,30.50294705267189,35.66672140497121,1.6240438877214458
322.1753856175225,9.25871928320352,120.05276131573748,17.459434012019745,21.5798315621849,26.19931939731427,30.55336404427792,35.43622120110178,1.6258802633904013
325.4341444870553,9.289695464595972,121.24926946145563,17.553665922310326,21.413929364394342,26.166061837074484,30.629166369727514,35.50887198221262,1.6277166390593696
296.57343330306503,,,,,26.357888877584028,,,1.6295530147283273
332.7011680942743,9.359632158496863,,,,26.448914349016576,30.4929953421972,,1.6313893903972863
317.679909550932,9.21330117608526,,,,,30.797177410264272,,1.6332257660662386
345.84902225106237,9.480686400524878,,,,26.375131830017448,30.798545324483815,,1.6350621417352056
300.0473705356679,9.035700118102119,,,,26.36068494229787,30.654866754036313,,1.6368985174041597
310.9858681871422,9.148132376592816,,,,26.46382546673582,31.004658265420815,,1.638734893073112
327.4797659636218,9.309361267598662,,,,26.280591098590463,30.973849298299406,,1.6405712687420835
286.08144271134137,8.891223960558726,,,,26.51595118724731,30.888678358971713,,1.6424076444110307
293.2347355366646,,,,,26.535817156513097,31.136942764025655,,1.6442440200799946
318.1211628865408,9.216497150140267,,,,26.609964855844744,30.907312296413224,,1.6460803957489607
359.7326040948537,9.609977184883036,,,,26.64507560393203,30.899280133350025,,1.6479167714179168
306.4719378466405,9.101496772927845,,,,26.614722195591703,30.960898084597837,,1.6497531470868687
348.75120194546986,9.509177990899286,,,,26.617263367207322,30.964428237878852,,1.6515895227558361
304.835744377883,9.085326861569825,127.89305694575997,18.086012058444698,21.791963991804568,26.42890161757898,31.11263822920715,36.116345290679746,1.653425898424796
295.54503839465593,8.992484826900196,124.88401908148383,17.84451499179203,22.024993040676904,26.846790968076647,31.14725079789941,36.19960285986281,1.655262274093758
,,,,21.76944795243592,,31.343036303788917,,1.6570986497627131
,,,,21.912681031830424,,31.037259089246767,,1.658935025431679
,,,,22.05657262968793,,31.19288559934192,,1.6607714011006245
,,,,21.864234528421903,,31.262408909479518,,1.6626077767695946
,,,,21.72578552625051,,31.413372616112408,,1.6644441524385523
,,,,22.123098966496144,,31.339983713589984,,1.6662805281075144
325.5518035316044,9.288990634072716,125.51445735509164,17.88325303190561,22.180253629164422,26.96240542621302,31.44762211521241,36.55114443189515,1.668116903776481
,9.204167723868276,130.67902651416364,18.277652393594494,22.118110813325536,26.8503365485101,31.502798576814268,36.653481554081644,1.6699532794454293
350.3717634009609,9.524323333616982,127.41075931232533,18.02393883491497,22.12342947536497,27.205012989534744,31.4116549909077,36.46157860847801,1.6717896551143914
322.5283985340613,9.25879198372588,121.3911899572803,17.546633193899403,22.293976576518936,26.96530398056641,31.58155483752377,36.67140090493712,1.6736260307833508
373.6617306091138,9.73066421260829,127.15221174684228,17.99091332884477,22.13045930311799,27.059066682435873,,36.627299553799475,1.6754624064523058
359.9755869643978,9.610872328377125,131.55035143946492,18.341281352166945,21.930777831602153,27.045077821076237,31.885499180875254,36.71463302774665,1.677298782121262
367.34485334769414,9.676919469613797,129.67290646772017,18.19172248037024,22.2645501479939,27.203918802077983,31.93184474271189,36.55123760114456,1.6791351577902256
336.8960967879322,9.397040196982033,130.88582988221566,18.292705132548953,22.391831760499546,27.061254948728408,31.973008697124634,36.72887264756246,1.6809715334591884
376.7712132853256,9.760719663299511,128.84303800699595,18.128842903731744,22.404036524782196,27.236711881432793,31.781886101207828,36.94027093850286,1.6828079091281483
292.47436806106157,8.958549694386834,129.5386514726272,18.179388223416407,22.32701030084425,27.21361390815422,31.886466838509527,36.84464582172305,1.6846442847971062
349.7743334070939,9.516801361533513,123.14244002739306,17.680288402106534,22.386629816064595,,32.157405620590396,36.92941055083958,1.6864806604660707
368.1459953562558,9.684414271005679,132.44016548284162,18.408045041004616,22.472544608911107,27.253547949583265,32.073874528478534,37.01327982877041,1.6883170361350153
301.3059357686985,9.049673532903128,126.76078943858474,17.9564851305911,22.451142153441513,27.29488711556781,31.95785508812821,36.91672243103287,1.6901534118039805
325.96752965761135,9.293602792072843,132.57206416583784,18.424840999840995,22.61320599315404,27.089159261186797,32.32598391450954,36.98863194828591,1.6919897874729386
379.1258727967198,9.778820849760445,131.72799903055096,18.35670833326152,22.362706268038643,27.412782353108646,32.069144984895125,37.078569503765735,1.6938261631419018
298.04616277349044,,131.60538331655337,18.351913672414504,22.590229633404196,27.295709808992907,32.369023721045956,36.870877067944235,1.6956625388108626
319.08698403723184,9.227796454443162,,18.418331391292867,22.526498182522012,27.403720099356825,,37.105340237083574,1.6974989144798205
363.3208903645566,9.640085922196429,128.15121794497244,18.06758188574644,22.573599118716338,27.476921100635543,32.35168081522302,37.28275683815998,1.6993352901487817
309.77554825810114,9.1334836041263,133.3372753032181,18.479331725234537,22.618427628349774,27.690625390723834,32.39964654021504,37.16738788393299,1.7011716658177367
393.0414007334544,9.899923242527441,129.63287330452167,18.158380713230574,22.3465403033154,27.61828700498974,32.47929340562063,,1.703008041486692
368.3739970321617,9.686518166378283,134.45672543155464,18.55884229285728,22.43900709312866,27.436947209329666,32.57036658741919,37.37473783327923,1.7048444171556552
333.60990941668217,9.364679859267598,128.13344735819007,18.05871287392588,22.617158639910517,,32.587654354167476,37.38286410607107,1.7066807928246135
377.92796260268545,9.768147981534108,127.6886045970202,18.028449928906838,22.654076228488833,27.61656283170124,32.716367933055714,37.32897104149895,1.7085171684935754
329.29563664509675,9.325346660842097,136.43820981462204,18.68836428572518,22.7265911112683,27.62778588276903,32.740573549577405,37.45533832975842,1.7103535441625284
,10.04976701898833,,,22.911069840537184,,,,1.712189919831505
,9.478712664399135,130.7872590444647,,22.774061581881625,,,,1.714026295500453
,9.432880562379491,133.3375225421342,,22.807458685746916,,,,1.7158626711694105
,9.984388002218283,137.12722346307532,,22.83220131119271,,,,1.7176990468383604
,9.904801388627419,133.61639392188846,,22.7388431222043,,,,1.7195354225073278
,9.911424523732316,135.17290462022297,,,,,,1.7213717981762902
,9.869603401535004,135.78811279655085,,22.762928009199804,,,,1.723208173845241
,9.599602809840743,137.19477716601637,,23.015252713199455,,,,1.7250445495142053
,9.81602219716578,132.75963784091422,,22.809335492386467,,,,1.726880925183164
,9.498829234534371,138.92731989628234,,22.90804784483694,,,,1.7287173008521266
,10.055186122987557,,,,,,,1.7305536765210905
,9.779789290155916,131.0995103133519,,22.96885961337753,,,,1.7323900521900497
,9.399223794898958,134.03546571281458,,23.008164126249355,,,,1.7342264278590098
,9.75554133321709,133.40391320681584,,22.84250526073764,,,,1.7360628035279595
,10.054901536658729,138.66755841518037,,23.192798918469443,,,,1.7378991791969292
386.0805094337219,9.840015952946754,138.83771770650262,18.89226204791132,23.0522875062924,28.295387371663917,33.546746544810816,38.05277329575607,1.7397355548658837
340.7332559787249,9.43242021694211,132.19343780746732,18.373585711023,23.149294167201543,28.11917948650565,,38.099118661254835,1.741571930534843
,9.620038282283783,137.56952812568233,18.77820503859124,23.306840854682807,28.259372918134858,,38.146061226747236,1.7434083062038093
,9.987856338792145,139.49311637959127,18.916331425373293,23.267588325256316,28.341683779188138,,38.15262850285573,1.7452446818727676
,10.123521088102247,135.364580647303,18.604321155952405,23.26975000432584,28.240741239913923,,38.20764765220439,1.7470810575417166
,9.575259651685672,135.57592332369967,18.631228526808794,23.20829433814355,28.227551328189435,,38.38082100566357,1.7489174332106812
,,137.84576528623865,18.782004158943003,23.390352822194462,28.177786324819465,,38.24515190185291,1.75075380887963
344.92519304595083,9.472425283000229,141.0341480938581,19.03483144021117,23.41526333612779,28.39877150750961,33.64796250719038,38.4704105908998,1.752590184548597
401.35340733088196,9.968745648710094,136.090065161974,,23.620770264292773,28.31870555778629,33.63330000957542,38.41414173729283,1.75442656021756
416.78168104152275,10.095665602240723,141.04538944287586,19.019342612412576,23.47714294502816,28.436556802154332,33.67741280927773,38.73562868793331,1.7562629358865192
346.7119140906419,9.489027872882021,,19.1064014891579,23.41590621171226,28.43335803971737,33.81046281104611,38.61893002301213,1.7580993115554793
363.975502817202,9.644537702390966,136.76478133472696,,23.440263652735023,,,38.53491566823068,1.7599356872244383
404.5360808400688,9.994601264079835,135.34497957328927,,23.399134558978858,,,38.37364980549976,1.761772062893407
409.8927281444263,10.039682744761217,138.58810993419274,,23.511955081994273,,,38.584269138110145,1.7636084385623663
361.26954524756763,,139.95120380353822,,23.765353933058552,,,38.64861070829161,1.765444814231312
369.92211727486864,9.697956782671028,142.2801346539711,,23.603241677458982,,,38.65375991766891,1.767281189900278
379.2141285257297,9.779335602497996,143.62931766596293,,23.486922913303555,,,38.89715225985554,1.7691175655692464
387.4064772352088,9.850419745615987,144.7886271443388,,23.769535521808788,,,38.73596432900142,1.7709539412381843
429.2173501067656,10.195652805802203,141.84915419638904,,23.772002594534417,,,38.883545011239626,1.7727903169071553
404.30977795398303,9.99265016831986,141.71951463701413,,23.618083760091444,,,38.843012198695355,1.7746266925761105
416.2026727481437,10.089560357697549,144.21004490529674,,23.923690385738574,,,38.870141137133984,1.776463068245075
408.47453674363936,10.027403559271571,151.88230829028808,19.8079269916715,23.886901332003262,28.711677947506953,34.01032270375501,38.89158495509399,1.7782994439140345
437.309366166231,10.26067963916493,138.864275681896,,23.78682595199635,28.849534623800995,34.05320197468221,38.818892740474254,1.780135819582995
365.8692277635355,9.660779335037319,145.96405947915923,19.38520759965756,23.351130642011665,28.797542447841305,34.17624194585082,38.92322809815106,1.7819721952519574
369.14607061375904,9.691758650359843,140.6278571298728,18.986649073688785,,28.695461426819108,34.00710575005066,39.21228530152558,1.7838085709209077
390.836261080882,9.878505819456713,147.4405631587923,19.491411800101975,23.970839616734388,28.95821349026139,34.15277907670559,38.95375041184755,1.785644946589879
395.23596997490114,9.917050348722473,146.80305378689795,19.445052678654765,24.19601843209972,29.068242876891535,34.01041474221599,38.557323060289185,1.7874813222588315
,,150.3310260363712,19.68364169776022,24.123514073514794,28.77137198741595,34.2093828573605,39.012798205545295,1.789317697927787
,,147.75085662134597,19.507031240939384,24.15465301254341,28.701685890409678,34.18378147841415,39.25820825711585,1.7911540735967448
,,145.3702253799905,19.34495830556345,24.113939147079314,29.109119056136958,34.384353492821674,39.34835710183199,1.7929904492657054
,,145.20002577337058,19.31377623515708,24.028698696782943,28.993272565753898,,39.316810677920564,1.7948268249346648
,,148.72553007816828,19.593407964484065,24.265971224452173,28.979415956779047,34.3510728467734,,1.7966632006036212
,,143.6561640397948,19.214345315690995,24.301463818732973,29.059153546364055,34.29049972758009,39.38923810324092,1.7984995762725786
,,148.15178413292074,19.550658783353462,24.094903570853884,29.18037583347172,34.34412004003878,39.44776877787765,1.80033595194154
,,151.42737863230178,,24.384319036067577,29.078060112516315,34.37241550459067,39.44652925469073,1.8021723276105095
,,145.20045900914263,19.310975663966467,24.124966753041633,29.299140825513273,34.53941270857613,39.32185554269089,1.8040087032794734
,,144.91199071381132,19.305874837736077,24.452859741017537,29.064727985708046,34.42322864011206,39.453156912362395,1.8058450789484193
,,143.62499758657142,19.19538054596939,24.38382904967709,29.250528020530684,34.39932829533167,,1.807681454617377
,,,19.685669350963835,24.511361387453363,29.352733131152704,,39.605017463000685,1.8095178302863442
,,150.56366997344156,19.705266989899034,24.535664825493704,29.339887627466677,34.76361457949225,39.21432642478884,1.8113542059553012
,,146.7331404249957,19.4271995930958,24.318827568926313,29.42940309079245,34.546710297190856,39.75661361135296,1.8131905816242644
,,148.2026091144744,19.537203801479254,24.42918084545296,29.433019941173367,34.49205050383517,39.82455947025248,1.8150269572932192
468.56007335188156,10.500583027464264,152.28774314384216,19.816362424380042,24.716570529484727,29.524059229137446,34.53240847289401,39.75923147728571,1.8168633329621753
411.2893279936688,10.049344493223844,151.625980545835,19.79256097254401,,29.482790597460617,34.35450242528786,39.574436545808155,1.8186997086311434
471.61455161909447,10.525647628484954,149.3481925133477,19.60194636186954,24.799656680247477,29.403088089124665,34.42561548812691,39.725907112585574,1.8205360843000864
377.5594153660328,9.763665577062929,145.6239849014081,19.332774411492863,24.921869221940366,29.34096058724463,34.739827053447485,39.69914569160472,1.8223724599690474
460.61739703051586,10.441400449240374,149.73997831141364,19.633758192105812,24.663933025032833,29.53880619198114,34.60076114369866,39.94338411548726,1.8242088356380148
487.0059604490371,10.637293481706484,148.0637726220101,19.51500750839374,24.65509856957276,29.571466537208345,34.808256539152374,39.835453061619376,1.8260452113069794
412.40704969732195,10.059991792104691,152.08900946987058,19.802178248660116,24.62481718869845,29.76621132126697,34.652827557106534,40.072933680831696,1.8278815869759353
409.9269503047243,10.03895405074974,152.92740780568158,19.8575416695567,24.758347580534647,29.608451930593798,34.643842681264466,40.04528057146674,1.8297179626448998
472.55018258061,10.530688305086926,154.1092708818394,19.950468482586697,24.921131177002422,,34.67433397455345,40.11736425740709,1.8315543383138622
398.3819677126203,9.94255960816658,154.726128824273,19.990546646710424,24.73618641880359,29.660654973240796,34.80584400328514,40.05353698846269,1.8333907139828125
467.64250538144256,10.496918535460738,144.4988087291326,19.258525097071573,,,34.73464425398855,40.02873269871616,1.8352270896517646
449.8649940591487,,,,,,,,1.8370634653207352
423.6673501513176,,153.280985646869,,,,,,1.8389005287860558
466.90577636194195,,153.81930038758745,,,,,,1.8407394293148418
457.26199863231835,,149.12391248492537,,,,,,1.8425801687441565
464.8300922290075,,148.15139277351273,,,,,,1.8444227489129006
,,153.03308855918053,,,,,,1.8462671716618135
,,,,,,,,1.8481134388334752
475.1674011734485,,149.63268108821586,,,,,,1.8499615522723087
408.34394184966146,,155.88160778955793,,,,,,1.851811513824581
408.5358679671755,,157.00392322563528,,,,,,1.8536633253384054
,,154.9715643006472,,,,,,1.8555169886637437
484.448877946572,10.620544355326174,157.6086149845631,20.179743682251818,25.30176232791467,30.005142344205872,35.15235741445527,40.72820144988461,1.8573725056524073
487.10945635090343,10.639646314126626,,,25.23780454449271,30.191259157612752,35.15932345623016,40.91689800700223,1.8592298781580596
458.6832468306204,10.42591593508059,155.99836923560252,20.065620090679584,25.44337247436842,,35.03137797451763,40.54994466246727,1.8610891080362175
497.03930672829034,10.710957322453075,151.29697644659726,19.71180019566937,25.339439359630557,30.033907207182107,35.12437631113657,40.768330347281044,1.8629501971442537
456.46355486485965,10.407839456712372,159.45245633266072,20.30517116313013,25.299754871697164,30.021181555307,35.125300885246205,40.82249069555569,1.8648131473413978
494.3986319486427,10.691245415592366,156.56177324419397,20.114940528396154,25.199258344737746,30.182372623951945,35.369766320566114,40.89946781839408,1.8666779604887391
427.07005427926373,10.177618388422587,160.872894180497,20.40745511117523,25.417119425133805,30.18306474871113,34.860959240352926,40.9906104201759,1.868544638449228
,10.605325669393139,154.01507816264095,19.919723276994464,25.332097400150953,30.251740835562337,34.82141712737816,40.900530084213564,1.8704131830876771
442.4669357231683,10.299732972959973,159.59468258951205,20.310450345201726,25.4397915181269,30.300092493143207,35.302439034429995,,1.8722835962707647
495.3728218800911,10.699238802154717,154.78484365340682,19.965286699154685,,30.31355421150917,35.492733368768036,41.06889985426774,1.8741558798670355
412.6798477431053,10.060937315988557,164.04997732020723,20.61268757230416,25.430865733580166,,,40.99608037210135,1.8760300357469024
458.23358102357076,10.42174756173023,156.95302871531064,20.099496919482707,25.41516825013872,30.451450731935353,35.32055665102521,41.07875634536345,1.8779060657826492
514.4017439885745,,162.80446232226058,20.54317145427232,25.64123012096002,30.330895230930597,35.5002928520607,40.936629336410675,1.8797839718484317
482.1887007325536,10.60304750623337,160.98232817991004,20.393640665170125,25.526284801130565,30.415282101626758,35.4288284159741,41.28098180138816,1.88166375582028
424.94543636922907,,160.38355293385789,20.356773305115027,25.481826688558254,30.49823447356747,35.285881308053334,41.13742908381351,1.8835454195761
435.2631378994075,,160.47869192260774,20.36253984290503,25.803006952688794,30.476092693185937,35.54866008663052,41.00357301254199,1.8854289649956761
,10.735198810100558,,20.474452882303584,25.61098042802109,30.53045834579118,35.43374913023281,,1.8873143939606718
,10.685966371972569,,20.444052360085102,25.687074569901345,30.423210139865212,35.539657699900424,,1.8892017083546324
,10.702135366909653,,20.61110624788133,25.760518336095796,30.648112710793153,35.64133727859829,,1.891090910062987
,10.452981877651746,,20.743107687476964,25.403548586239104,30.763889340918254,35.613310999725876,,1.8929820009730498
,10.231771106527368,,20.403897643113496,25.531158898415036,30.605330196533288,35.69913100614616,,1.8948749829740228
,10.601931266657404,,20.80952351678713,25.68837067079253,30.792816701518046,35.80436405537819,,1.8967698579569967
,10.816007469817903,,20.387246695227258,25.76740455273081,30.683557895512187,35.90679626600482,,1.8986666278149535
,,,,,,,,1.9005652944427684
,,,,,,,,1.902465859737211
,,,,,,,,1.9043683255969481
,,,,,,,,1.906272693922545
,,,,,,,,1.9081789666164675
,,,,,,,,1.910087145583084
,,,,,,,,1.911997232728667
513.0761571187666,10.824762997314613,169.35987229540757,20.96528141439126,25.43884073806409,30.89311109076487,36.21317243588506,41.73340366871391,1.9139092299613956
525.1452217855775,10.911494204809888,169.02594529299117,20.930010389770246,26.043184525052187,31.184093633446516,36.37456090849867,41.79262339309397,1.915823139191357
535.8182646055432,10.985930971868292,163.45580658161145,20.543254471391677,25.94789154627702,31.046625217384573,36.326488573896675,41.946842636511164,1.9177389623305483
520.3785594710632,10.877591283769242,,20.529754102586068,26.1164604976345,31.08541806946482,36.11109032718518,42.02061680170133,1.9196567012928787
532.6713812661895,10.964666319306112,164.99019181627233,20.656289844947214,26.14586818439581,,36.28358446153439,,1.9215763579941716
466.361278242155,10.481988235900523,166.9260876776045,20.790007832051995,26.043981146055344,31.54480712273797,36.5752215418439,42.07037049127638,1.9234979343521657
463.6653798188191,10.46304752785301,167.76662351600058,20.854358217391837,26.241503978509137,31.123432735336426,36.59719803826836,42.0949544556481,1.9254214322865177
448.10462127661657,10.342812029445952,168.80299529779396,20.91303272668622,26.196441606537995,31.234076427527853,36.57439643061696,42.01891158614023,1.927346853718804
508.011361045852,10.790169351849066,164.14415709736846,20.60010536817047,25.968550345396253,31.068032306266744,36.65391328618015,,1.9292742005725227
511.168475445341,10.812444953338304,171.7510400615684,21.111342596190816,26.314000515954003,31.308119089767512,36.58348171950433,42.378189922016745,1.9312034747730953
540.5967339681705,11.018473014747826,164.2124950989268,20.608613794638735,25.920055243371603,31.384082565836785,36.65199180615503,42.243645541196386,1.9331346782478682
544.0240188220282,11.042164213469707,166.614162182787,20.767146297990237,26.015657315393998,31.16469776357133,37.11077665730414,,1.935067812926116
461.95048429555203,10.448869791071537,166.32740393568844,20.744769772467766,26.166522085946784,31.321493969648145,36.849042028061724,42.17262233430649,1.937002880739042
453.33072406542925,10.382905317897315,172.1807560685774,21.141907206394592,26.217325971649608,31.41769269865417,36.71705111857079,42.512369275515915,1.938939883619781
563.894687995682,11.17639028393202,163.2463324476583,20.532708988774267,26.461889575547044,31.343218411039846,36.98313750859248,42.56108232417393,1.940878823503401
459.37090584404086,10.428551778782822,163.64667339239196,20.562261446903253,26.184378088609677,31.506563781868753,37.26418041045414,42.48845146185069,1.9428197023269043
,10.804031323836407,171.94525493860533,,26.12124093725859,31.60557909931765,37.01031331051948,,1.944762522029231
,11.055737809754755,163.82266504021842,,26.343164044738337,31.641304714185274,37.192289366913094,,1.9467072845512603
,,167.2357101988902,,26.354735677649582,31.543986644360704,37.0834640225444,,1.9486539918358114
,10.765818287326177,167.11429272125997,,26.18373261822271,31.546215921880723,37.43962430316303,,1.950602645827647
,10.999761639542916,173.83867057090677,,26.293008164473363,31.713257987278435,37.404506526067586,,1.9525532484734747
,10.754571444653733,173.6171149814435,,26.400598337690724,31.460276583284582,37.136991696478354,,1.954505801721948
,10.723247027641237,169.23199300504885,,26.36255189018236,31.626098991455198,37.36926298249457,,1.95646030752367
,10.947349446296402,174.33904833835123,,26.308121065502004,31.739131696148544,37.33308169355245,,1.9584167678311935
,10.473150980799,177.0558548124139,,,31.826551308889197,37.60597170765143,,1.9603751845990245
,,176.90603360334813,,26.611684519883728,31.788593264741568,37.60555491173917,,1.9623355597836234
,10.968632758856959,172.35262232687012,,26.47038925347374,31.855196181627107,37.55398304723321,,1.964297895343407
,10.833949991487989,177.07118674903694,,26.696139101176794,31.704184956600766,37.715747125341906,,1.9662621932387503
,10.647128469192484,174.85547932080615,,26.43426621830928,31.791143163107193,37.61439796992927,,1.9682284554319889
,10.624251175431606,176.1988609174868,,26.649822930681747,,37.729375376699444,,1.9701966838874208
,10.83068920542449,175.9390268897817,,26.571082880138004,31.84756976883684,37.793269853542924,,1.9721668805713082
,11.112717936821065,176.48310561119516,,26.406552319103177,31.928654533149384,37.72023329289216,,1.9741390474518794
,11.19323705129904,174.4983143218844,,26.419972093360123,31.959974427551852,37.82507122335598,,1.9761131864993313
,10.691800273588548,171.49095711858888,,26.345754918275173,32.0502086448064,37.82094381970472,,1.9780892996858306
,11.268397544150515,175.1345046573074,21.316042764807406,26.46662029510188,32.02347103861632,37.77350644297226,43.231613023579015,1.9800673889855163
564.3276911743196,11.178087179704344,180.2810793972726,21.656182623105835,26.288006138436717,,37.9892965071245,43.18588668016499,1.9820474563745016
550.4218857421515,11.08418609502595,166.2451822331985,20.707906120744386,26.509909028670126,32.053908596490935,37.965173388401496,43.34297457979067,1.9840295038308762
,11.285356435646252,,,,,,43.2854164807549,1.986013533334707
,10.65961696775862,,,,,,43.34089834493941,1.9879995468680418
,,,,,,,,1.9899875464149097
,10.901610574111922,,,,,,43.43504990166762,1.9919775339613246
,11.186136379510161,,,,,,43.30403664722518,1.9939695114952858
,10.822194721625344,,,,,,43.5955874170308,1.995963481006781
,10.993764735052931,,,,,,43.60752540276289,1.9979594444877877
,10.804140555357549,,,,,,43.650271972121935,1.9999574039322754
,11.237391958766386,,,,,,43.74680575184932,2.0019573613362076
,11.096269577235557,,,,,,,2.003959318697544
,11.258115484712565,,,,,,43.6048047235625,2.0059632780162415
,11.253711953482407,,,,,,43.73160769470743,2.0079692412942576
,11.219487756882716,,,,,,43.736029314127585,2.009977210535552
,11.623533612465126,,,,,,43.65240932479101,2.011987187746087
,10.937126493368073,,,,,,43.88623372058225,2.0139991749338333
,11.086399267676601,,,,,,43.8905401559302,2.016013174108767
514.2044694819205,10.831932257498236,179.8948176263285,21.608051767235967,26.99165090852994,32.635215494685376,38.50756906574057,44.030370493522916,2.0180291872828757
611.0467554627082,11.481689038890169,177.81626107889625,21.477695481085295,26.819955170479055,32.47166181379696,38.75453874099906,43.992211208211884,2.0200472164701586
520.3662698864766,10.875303515378933,182.25788041891533,21.76467053173139,26.623415435779638,32.64508888817002,38.473408755033276,44.1899781946224,2.022067263686629
650.9470412528171,11.72864864251165,177.21144115725983,21.505889844263667,27.078069423568348,32.58643233800289,38.82579035323075,44.123534350663725,2.024089330950315
569.0516862566271,11.208206465901792,185.56310204426842,21.982351287885592,26.958833255237995,32.83135463643949,38.606434713298114,44.08377882902845,2.0261134202812654
581.5216123102047,11.291416421696395,180.36046921440064,21.651788718981614,26.917856773964676,32.758517624102915,38.60914196473444,44.06818689441827,2.0281395337015464
,11.036502791335252,187.09659772160236,22.082520413830117,26.91052108451738,32.674375099610344,38.76186916863098,44.078502294904936,2.030167673235248
601.9522928709622,11.422485750160583,186.7383887112247,,27.093281257868824,32.65411073380633,38.62086159303558,44.35003747030559,2.0321978409084833
608.6785336698373,11.464844983884491,179.32265494059328,21.564438303663184,27.10214828511349,32.83146839232873,38.858790538410894,44.289732313728265,2.0342300387493917
492.27423630494417,10.674519213318623,189.04911550041788,22.185878457917937,27.13627625456862,32.887704115283626,39.01227133563097,44.15790273095865,2.036264268788141
578.6021746989144,,182.5403218893193,21.783435970184872,27.274610309901917,32.85273511269127,38.81685874443358,44.479682469993854,2.0383005330569293
612.0713446603415,11.48587858945215,181.1787241930067,21.65557441740636,27.083030016278787,32.9459427436311,38.87774586270014,44.44824786928462,2.040338833589986
,,,,,,,,2.0423791724235763
,,,,,,,,2.044421551596
,,,,,,,,2.046465973147596
,,,,,,,,2.0485124391207434
,,,,,,,,2.050560951559864
557.5462416705564,11.131348348968269,182.8586875962857,21.79315315829646,27.289467032552604,32.97606577471844,38.9606510706724,44.75022074929996,2.052611512511424
544.2823186998297,11.039778342755001,186.23734111560876,22.010378196855306,27.396365374096323,33.14589284370797,38.93199521320977,44.68854350725145,2.0546641240239354
624.8196122663074,11.567536966059613,184.9204058023678,21.913319595274068,27.1914813555842,33.107913579042204,39.17370396813794,44.594041911494784,2.0567187881479594
588.6821385146967,11.337652762775416,183.46525887366022,21.826978518444143,27.25678091517183,,39.012980066566115,44.925431709583584,2.058775506936107
641.7687291165856,11.67090116051273,186.82662374907267,22.04446897177882,27.262655597321764,33.251870880841516,39.00040468558338,44.81553561631042,2.060834282443043
597.2039054814438,11.391395579933459,192.90404673534616,22.42978696773523,27.3146278726171,33.23707362463154,39.00512871638531,44.97060251430165,2.062895116725486
549.5869286223729,11.07828161251519,184.40945411028514,21.880391108430484,27.2857919662858,33.160557221963614,38.93003813966331,44.793680849590984,2.0649580118422115
630.3923702051636,11.60270256974633,188.46161510702893,22.151787906266392,27.352261542114604,33.31288804396202,39.063383040611896,44.9320399578168,2.0670229698540536
,,187.80596151943996,22.09893154962029,27.49876247539724,33.44115516850265,,44.919761412453,2.0690899928239075
,,195.64379939825324,22.593670853496885,27.366864226490843,33.17437798964814,,45.09465298031371,2.0711590828167314
,,192.69314624558137,22.42156339524529,27.50510497357888,33.42182577440239,,45.18455824124754,2.073230241899548
,,,22.331386193789555,27.365155626941473,33.33801571398781,,45.03933121470554,2.0753034721414476
,,186.715755286886,22.027299869248697,27.474979399895027,33.34323591773924,,45.12930009292527,2.077378775613589
,,193.18242317336035,22.42752029906001,27.42853928608514,33.29548159913308,,45.07276170431584,2.0794561543892023
,,192.98430597489426,22.433650577476598,27.559983636610045,33.423022080588524,,45.32436923580712,2.0815356105435914
,,190.56982029461932,22.270575329190848,27.511006228695077,33.59224831973375,,45.24555836080303,2.083617146154135
,,188.30817438011061,22.12908563942051,27.476158429524745,33.46591262024961,,45.45461172872913,2.085700763300289
,,188.06341074348305,22.112381863564412,27.748295179481175,33.74889047746521,,45.22798901010651,2.0877864640635893
,,189.51813317299164,22.208254842782686,27.624143468335475,33.493707562693814,,45.3981373077986,2.089874250527653
,,,22.072194078193345,27.819155918215426,33.7224762142961,,45.62993823000101,2.0919641247781806
,,196.53388305440652,22.627925201602334,27.732739794233314,33.77278895903809,,45.54332732988792,2.094056088902959
,,196.65258216823068,22.644108280540525,27.829749225664315,33.77864478793566,,45.334665827220356,2.096150144991862
,,194.74870776878848,22.536740851750384,27.76003581542515,33.822388878172575,,45.525149280911776,2.0982462951368537
,,190.39430428968515,22.254425817865588,27.768968403748588,33.88109716171341,,45.52113996869962,2.1003445414319906
669.0837972606816,11.835085831989064,191.75845949245473,22.36220092610123,27.720437303990614,33.817764483678836,39.45771660972994,45.60107619762356,2.1024448859734224
595.3394363482653,11.37941539443785,192.70332075135346,22.394351915873685,27.796763633014706,33.85244461919714,39.27242477344146,45.80505111905037,2.1045473308593956
655.8300644207181,11.754460028184763,192.48200609698824,22.37527130024663,27.555449175887127,33.8399691754896,39.618724725706834,45.550471784640195,2.106651878190255
631.6620658316201,11.60789776888139,195.46336644303418,22.56041182375759,28.133352699968285,33.653312298938694,39.451303240257,45.2051459169453,2.108758530068445
630.628647157473,11.601682718494388,194.1502733236506,22.495942926117795,27.82353883869251,34.089282395382554,39.592023970194994,,2.1108672885985134
585.8001981911234,11.316855066262256,193.59742084813368,22.453318106165376,27.987777204188124,34.00825708409199,39.49155836650261,45.90091933758705,2.1129781558871117
724.5814332469945,12.156028343410915,197.70531049679306,22.721421911030294,27.973006568660804,34.01534119857057,39.480802379692335,,2.1150911340429985
,11.416512132241602,,,,34.01865785953323,,45.84668796664216,2.1172062251770414
,11.472148163832722,201.67703972267236,,,34.170026936683364,,45.99983185319446,2.1193234314022185
,11.602791238231402,203.05805162391923,,,33.97462478530484,,45.9804143162312,2.1214427548336205
,11.872597023054485,194.06701427234998,,,34.13103586260841,,46.079093584702896,2.123564197588454
,11.81487858555294,194.3568554616942,,,33.93332073824954,,45.96455972737232,2.1256877617860424
,11.236168042908613,195.68469584025414,,,34.259941778681196,,46.06840294273538,2.1278134495478285
,11.77623903845717,197.79807730979138,,,34.00515920921481,,46.20145837121305,2.1299412629973764
,11.871021314529854,194.4208121195214,,,34.399272187433304,,46.23152640258736,2.1320712042603738
,11.773192875198324,196.69481477631123,,,34.28737774235302,,46.05346719413598,2.134203275464634
,11.628188929185544,202.12672330636235,,,34.246092474402865,,46.290393887845006,2.136337478740099
,11.798622099891729,202.4589878475944,,,34.36882493003065,,46.395471393648734,2.138473816218839
,11.490457928647096,201.93732297121363,,,34.49623987828632,,46.200167716161566,2.1406122900350577
,11.765380976449535,199.92935657078772,,,,,46.210539002100624,2.1427529023250926
,11.345968721073925,205.2883572362954,,,34.31225655126886,,46.25454747333273,2.1448956552274177
,11.748823803096384,202.78835362003008,,,34.49499489247965,,46.47892526224462,2.147040550882645
708.5773985023573,12.06429478250615,205.18088966769002,23.165575260580002,28.525501537309523,34.336463449654666,40.2042434005941,,2.1491875914335274
648.1879451415066,11.708844847943201,197.93551361511717,22.7074451918817,28.473973435955276,34.53692452890433,40.123482957201865,46.513771185599964,2.151336779024961
688.8538334659926,11.951320624609576,198.6267259404046,22.75214218010008,,34.531586790661144,40.32696102937663,46.62005829432656,2.153488115803986
629.5679560779273,11.594643854790464,208.15231895679875,23.346102953587994,28.794050648665735,34.64644529345499,,46.43860365797609,2.15564160391979
671.2358244073241,11.84886676161609,203.86089674810574,23.075096481845538,28.726055270740304,34.333703249815414,40.321671005432876,46.61958787747548,2.1577972455237098
678.8507269218567,11.893681632413548,200.83606787711494,22.87495869486534,28.61180705190175,34.65133143947793,40.37093069764312,46.55073913289852,2.1599550427692336
664.9989523343392,11.809666115735121,202.4738520702758,22.978041891766896,28.715417042407317,34.68054404293977,40.28887208668619,46.77712058444723,2.1621149978120027
682.4935077784824,11.913705077579438,209.04597831255208,23.38814386825959,28.738341164835823,34.711644163307845,40.353124107932764,46.916828746439876,2.1642771128098146
624.4042963514026,11.562391933162644,202.09106382181466,22.951950978192542,28.837765488822864,34.54278693725299,40.581818028520345,46.731046454952335,2.1664413899226242
744.0522569377955,12.263582226754252,202.91483840674846,22.998273050919522,29.0171023438065,34.76858520530399,40.63504995473345,46.82551395362766,2.168607831312547
703.3786865190394,12.035615448835818,205.02925940057813,23.123847280094257,28.727692316531375,34.71976836984544,40.42226462922688,46.71456750216663,2.1707764391438595
630.1162763600391,11.597357402097815,207.41593537048968,23.28100497203427,28.798637180478067,34.72515022735798,40.61436669603337,46.80475144688255,2.172947215583003
702.0188342444393,12.028016035887074,202.2747313043535,22.95860917786132,29.0587900326758,34.756560300801574,40.79490714234912,46.955094040644425,2.1751201627985863
691.6054024164903,11.96733844527314,206.01479601166602,23.191583955647317,28.978568255286984,34.88065069530135,40.56068864330104,47.088140865650026,2.177295282961385
751.8755926373449,12.308283652630802,204.26863468654088,23.077612923057245,28.89778391106607,34.91583697540002,40.869369242558484,46.79320974607202,2.1794725782443463
671.2440189109448,11.847188920551133,205.7474087003135,,29.075276135860097,35.02418699919585,40.77481671828688,46.980811677557305,2.1816520508225907
776.2392178291889,12.440114179624576,203.59334019707978,23.041128254792056,,35.000054695016004,40.845875750932905,47.06398946191117,2.183833702873413
689.218097302686,11.952673961391381,207.99526536113922,23.32710093814592,28.920115772909575,34.901736197702924,40.85861096048617,47.07993134635689,2.1860175365762866
653.6024181937113,11.741022550753382,207.32986279639488,23.277968493539735,29.018190646341438,35.08784378572043,40.91453012284878,47.37183152203202,2.188203554112863
743.2193030992656,12.259839313943774,212.78680509393115,23.601515530722853,29.14502184122896,,41.134703482557654,47.26761058712147,2.190391757666976
671.1641270542523,11.84686738695946,209.96449623723896,23.433800489571688,29.293852332615486,35.220942525180575,41.04605178084033,47.1788977435092,2.1925821494246427
644.7474121726596,11.687877790604746,201.1621081475832,22.879065723548848,29.119587793365532,35.17545638573729,41.13203346571029,47.467735772109464,2.1947747315740673
685.8557437499169,11.932518382285052,210.04377776579395,23.43994282710533,29.255790110280078,35.14602172972252,41.21126851469125,47.80821227603415,2.196969506305641
726.4700730224992,12.165055151294291,208.65364749625795,23.34719735046543,29.464840698962895,35.25796792024508,41.23497868805636,46.75823403679485,2.1991664758119467
730.2070443280076,12.18702693483935,206.69798606473088,23.23309707961389,29.009602043039997,35.243390915044536,41.267606257802974,47.36127962758366,2.2013656422877586
686.8062566341096,11.93885902837572,207.9369440117535,23.304138789021525,29.17421633549472,35.310589138226646,41.67944250778822,47.499502549157135,2.2035670079300465
,11.94374402275159,213.48330456424142,23.63564197068594,29.46574012675882,35.14073237283951,41.54113916849526,47.754875381790235,2.2057705749379766
668.7950333647087,11.832127685703059,217.19944292048473,23.860823454842837,29.47662443163185,35.337268835959826,41.26904996704293,47.580293566379424,2.2079763455129147
768.4676763615768,12.397839426568083,211.89279876706254,23.536459236184193,29.58125496473344,35.347032851806965,41.31816145164535,47.48523246672823,2.2101843218584274
737.8645729694323,12.230107480851597,207.83530811386336,23.279216676779154,29.496621537715193,35.6153508424589,41.57985509460693,47.64024900243602,2.212394506180286
743.0739933523153,12.25900176927584,207.77987244264003,23.297012811450468,29.40065331977943,35.48982556250136,41.576134832112494,47.64482218383342,2.214606900686466
677.4548725594703,11.883072109352236,218.7442116066795,23.947229253241602,29.618049679138053,35.726034520964696,41.57993913975054,47.77374397872235,2.2168215075871527
759.5043922114932,12.348594997046906,215.08797568290944,23.73272610246174,,35.42144916483919,41.7580960040521,47.479558174762026,2.2190383290947397
693.8437191802872,11.979361970514235,215.2809362047307,23.715841052167743,,,41.86728809511194,47.78269707011303,2.2212573674238345
689.5804448165107,11.953968962332482,218.92236798578355,23.95410334358435,,35.63253522210319,42.02472996040891,47.855568606934675,2.2234786247912584
746.5694720763747,12.277093403415448,212.49677953377952,23.57192819580367,29.810948585013126,35.673448374495756,41.68428758470591,47.78952281169575,2.2257021034160496
773.4268816058354,12.424622107367608,211.5326001194206,23.50502523059959,,,42.075910310165064,47.93607623313521,2.2279278055194656
718.3918289466295,12.119482622110938,214.45437766129666,23.67978871357732,,,41.966404044965955,47.963876886940945,2.230155733324985
738.2186347498875,12.231957324849295,218.874095850312,23.94517622131919,,,42.207285340288635,47.93966289406485,2.23238588905831
701.1050683060229,12.021809496261366,215.5086395521508,23.748215348527523,,,42.198573059751915,48.05384186762394,2.234618274947368
684.649825034648,11.926779845589751,211.78810722699208,23.5286480385899,,,42.075458644827194,48.08842301183933,2.2368528932223155
673.4676689708818,11.859665195413099,211.0376902333986,23.480737848307676,29.674432174019568,35.813788834086836,42.199008124266896,48.24928796631622,2.2390897461155377
675.7027495871398,11.872722703239694,211.55606482649836,23.506546271610382,,35.79091010553512,41.93136985260877,48.15462047339508,2.241328835861653
662.987226491222,11.7971689710972,216.37754254434103,23.792052664399257,29.880059229078384,35.7780855459813,42.22171627477554,48.22995384423066,2.2435701646975144
770.9951056286784,12.410585391457134,221.54230453056843,24.10081381015825,29.92528521280418,35.812499987483555,42.20034444575269,48.31454101939055,2.2458137348622116
694.2481456164886,11.98175124971664,217.25972902412312,23.839635627396657,29.901944475872366,,42.41931891750176,48.3287446663488,2.2480595485970736
716.7329011424157,12.110210896644196,220.62049251863843,24.04737471227884,30.131749092241133,35.7658248881836,,48.402373968578004,2.2503076081456705
669.4566667799743,11.835779532416137,212.60267800643499,23.570480292728202,30.098936788452754,35.9686669827876,42.43682989105811,48.15769835374263,2.2525579157538163
706.581555179548,12.05278850076689,217.9012063419121,23.880024343577958,,35.97947522300218,42.5254589268638,48.671226694663055,2.25481047366957
712.176825312023,12.084913492388964,215.43205157922836,23.73122855256253,29.920662718861934,35.94607775227517,42.5098041374387,48.43999463035453,2.25706528414324
685.4709506495567,11.92799719009448,221.2457552827848,24.084810212917972,30.160475555807608,36.03707867520568,42.647441708963854,48.60030412862558,2.259322349427383
694.8043315611941,11.984909213217247,214.84212879154825,,29.956859160552984,36.06944517309439,42.503685111009986,48.49927355060496,2.2615816717768102
781.6204214567331,12.468398139657285,216.27256198613327,23.784805344752794,30.304077733416328,36.074387773225034,42.568845322505915,48.530009579344785,2.263843253448587
765.0181381687187,12.378917491296958,215.8429553900213,23.752444504691983,30.188700419451184,36.0456678941683,42.61647913615227,48.55198076799995,2.2661070967020356
776.4509466034763,12.440778625477128,219.08200150930048,23.951006592741333,30.194376258835398,35.976050867436044,42.57003066346271,48.61656685264994,2.2683732037987374
790.5372970520056,12.51518129188876,215.45699123589438,23.71953822110124,30.37522506347725,36.205445739213054,43.0686208399183,48.56320643112846,2.270641577002536
785.9952118135033,,216.597430447575,23.797716170384668,,36.04833934195859,42.83049003377359,48.51113279080175,2.2729122185795383
787.6192413558724,,221.4529247956201,24.097053318340777,,36.3600056263327,42.82993073431891,48.638797055897946,2.2751851307981177
710.5436186373794,,223.83956909532208,24.233639522770158,,36.41422650629171,42.884901042215176,48.719860804009244,2.2774603159289155
804.6146675581665,,218.56187487395962,,,36.34062251108452,43.066715524758784,48.77646927515082,2.2797377762448443
701.7659753022706,,224.08331396595526,24.237462666786232,,36.53965669989005,43.00994206243101,,2.282017514021089
789.8758120716627,,219.94735627069906,23.991078650429557,,36.36286250413898,42.90068048714293,48.97182367042551,2.28429953153511
727.8724987615452,12.172400156058282,222.76770693532026,24.1631070167802,30.54666322853824,36.64014337859461,43.00820226254792,49.00339390862387,2.286583831066645
709.06301768671,12.065701219706336,222.41083619800023,24.13761805240709,30.36696782140993,36.48605296560942,42.838163118852975,49.102905691299725,2.2888704148977115
728.7676039964734,12.177743619608455,226.3889750976799,24.37594936818659,30.578767167889627,36.438634693612656,,49.182679940369525,2.291159285312609
814.8894568760466,12.643333596836186,220.2014050902605,24.00350646955039,30.69582807501058,,43.12076354940722,49.12314128426021,2.2934504445979216
847.2845338496007,12.809669821218472,222.72977235232173,24.15122295989189,,36.5941693845793,43.014251262464974,49.17891198797716,2.2957438950425195
740.7552535053064,12.244753349071775,230.85167897788975,24.621540654429385,30.67180413393624,36.62400394964564,43.01638722113799,49.19091531216996,2.298039638937562
758.9754830776383,12.344934274615213,224.16476070585696,24.24203107586455,30.692230575884988,36.40961593783189,43.10029043413234,49.24862928044951,2.3003376785764997
,12.494354344876095,225.8092209684033,24.328635928092144,,36.50806516624955,43.22639271505295,49.13845309158671,2.3026380162550764
771.8872165564703,12.415543835989684,223.70808711290985,24.202316923874733,30.83429470498513,36.69319394400748,43.176946278130146,49.37263059508154,2.3049406542713315
715.5787313010215,12.102849007434934,225.9808737644057,24.334233975920192,30.779064085246088,36.63662164980852,43.18384105663964,49.34188238778245,2.307245594925603
,12.278407359761681,,,,36.66449270241697,43.50622558639291,49.40875460964569,2.3095528405205283
,12.222689662685793,,,,36.63920312851799,43.4768881489735,49.221997257157305,2.3118623933610487
,12.48417202658303,,,,36.853071534473905,43.454523770449384,49.465592551966026,2.3141742557544096
,,,,,36.77274322339681,43.310681962142155,49.47724179297061,2.316488430010164
,12.516138764314281,,,,36.93387539311392,43.25368738910047,49.31219894559685,2.3188049184401742
,12.737561311212067,,,,36.83377854497209,43.29621912217817,49.41480680006459,2.3211237233586144
,12.695544082745636,,,,36.761515009273595,43.34751773471967,,2.323444847081973
,12.384610331990244,,,,36.89328870693529,43.52770393822261,49.40384262218213,2.3257682919290548
,12.52830206456264,,,,36.73185371144685,43.48509579761396,49.5841311993851,2.328094060220984
,12.290404003513412,,,,36.81442721717635,43.40549506569774,49.671139401943265,2.3304221542812047
761.0273326194065,12.356816344514984,229.7987230442929,24.552688461804454,30.943895311827113,36.87274678052972,43.827710305494996,49.79840621832059,2.3327525764354857
868.9042824425665,12.918637734125372,233.29044841997836,24.76499113771598,30.706189697769304,36.86884018414223,43.56536553599502,49.866129714671814,2.335085329011921
842.8739531877644,12.788092772575101,239.82768894167955,25.144309612027083,31.091058825366055,37.10758122642558,43.81780129826901,50.03271079925892,2.337420414340933
806.3059922615014,12.598058503128359,229.68080891221572,24.55337738432744,30.915850052109782,37.00507936529092,43.4813770461973,49.82664483049255,2.339757834755274
790.7995238289749,12.516244777126914,227.40624045590886,24.412116787611193,31.132204883644036,37.050289663694514,43.57108480886033,,2.342097592590029
831.9424487354264,12.73089111878588,235.23479210467784,24.86767059149827,31.236234065103837,37.20419895876432,43.83588120145038,49.815621144703684,2.344439690182619
863.7758479274496,12.89306085278067,235.488300473069,24.868663817491793,31.140911288110814,37.033625452279104,43.58172978403276,50.3435105089121,2.3467841298728014
796.7475616974509,12.546884530721647,232.82079017793012,24.72487416795414,31.205227405902246,37.14408160059018,43.49441436867371,50.08312233902744,2.349130914002674
,,,,31.07323475286719,,,,2.3514800449166766
,,,,31.010638895350706,,,,2.3538315249615933
,,,,31.147659494463902,,,,2.356185356486555
,,,,30.889909031679135,,,,2.3585415418430413
,,,,31.293742598426803,,,,2.3609000833848843
778.6015725386578,12.450964092978584,,24.8729562189582,,,,50.39744471759145,2.363260983468269
815.0804279027386,12.643164187820267,,24.57790946883118,,,,50.348565096313536,2.365624244451737
909.3221693417527,13.118970600551505,,24.917140233236186,,,,50.38672037516804,2.367989868696189
860.4152167833332,12.875530324491812,,24.701086793957728,,,,50.425783850758,2.370357858564885
795.2070826547465,12.540438258247372,,25.017190810183045,,,,50.406041848618464,2.3727282164234498
799.7272933184353,12.563163491903545,,25.2144881379884,,,,50.43059199909082,2.375100944639873
848.6825294895876,12.816625587556292,237.02231159047216,24.958324773158314,31.341548248064086,37.60756534125146,43.85707112527783,50.594525659758034,2.377476045584513
821.0707270941742,12.674888436010596,233.79655475047048,24.763015728360298,31.214769915511486,37.53286832486693,43.96410804359729,50.393121860593205,2.3798535216300976
771.4998001077741,12.411925901335108,235.96437150756753,24.896076192974213,31.190075928360095,37.57667724598002,43.85809910613471,50.553979247896955,2.3822333751517277
785.25763354682,12.487327333851574,242.51377812656114,25.273209383410812,31.537658255507232,37.699616376229926,43.866702539722766,50.61984704447949,2.3846156085268793
881.9399964718948,12.982451879302012,238.6039477579465,25.038623067641023,31.37265997137857,37.60276251864607,43.91758868519446,50.73959597988566,2.3870002241354062
880.1335589863224,,240.6318632522881,25.16531553887031,,37.693758242175235,43.959855934432674,50.493785500062295,2.3893872243595418
864.50239834798,12.895988313175172,235.7384230478394,24.88311298999522,30.88096693255953,37.76338501266418,44.006577369714854,50.686071471070214,2.3917766115839014
915.7453982625474,13.147681402012996,241.11177868634357,,31.25403223126102,37.74770640324475,44.252537480850336,50.66630794905317,2.394168388195485
923.3983961813833,,233.49657987006458,24.740610968651364,31.417316499894525,37.79816428039704,,50.82071886226374,2.396562556583681
909.063687638245,13.114686308678708,245.95281046872313,25.45571906405194,31.43790434427725,37.95774659299055,43.92127283073151,50.959195785183354,2.3989591191402644
894.4618951851674,13.045525302863117,242.3471666544614,25.252048780216754,31.57113912496057,37.97360705527906,44.21674399174334,51.02173486519389,2.4013580782594044
829.7157918861116,12.719508999863407,240.12405242228732,25.127836074573686,31.407918501802857,38.142357590145906,44.242127426807734,50.92279698372897,2.4037594363376638
875.4379524527083,12.950404110137404,243.8960872239668,25.35056264683488,31.519475040417362,37.86252849025893,44.23309401956048,50.98394085093261,2.4061631957740013
908.7123698796028,13.11377687078591,,25.10504518324951,31.49803441349619,,44.06236639606661,50.93455310507977,2.408569358969775
797.6729106936286,12.551441498092238,245.30445656270453,25.411080643253765,31.54840860361685,37.90944042006009,44.238395165765354,,2.410977928328745
924.5069762153906,13.18985312664316,247.45108801766835,,31.685631252180794,37.93924755427633,44.24096312317685,51.03460832378207,2.4133889062570737
924.9678484957062,13.19228038900458,246.93287196292283,25.513504589945757,31.727946338967236,38.00204805806387,44.20672744718499,51.090789398649065,2.415802295163331
884.8472229449358,12.996718381255368,237.73122392250804,24.978141820491597,31.431880693461228,38.087197781775345,44.293438976373984,51.31561154669796,2.418218097458494
867.4306735237307,12.910785107931316,238.0427911144175,25.00723667664437,31.557271123912734,38.27033627379418,44.41180265855542,51.311515533413036,2.4206363155559525
,12.965504507455954,,25.746844929514392,,,44.44583376608352,,2.423056951871508
,12.82696422548299,,25.33786173438929,,,44.3206224488359,,2.4254800088233797
,12.848758106067901,,25.29778270936389,,,44.367117947555656,,2.427905488832203
,13.265502355259864,,25.53595477931567,,,44.476080874614325,,2.4303333943210355
,12.780706607125797,,25.586560732460818,,,,,2.4327637277153564
,12.792913230270862,,25.43549657914753,,,44.562723055366455,,2.4351964914430715
,13.157497457601485,,25.72640827805743,,,44.61640046031481,,2.4376316879345143
,12.96282051837234,,25.475857531619877,,,44.66461462813598,,2.4400693196224488
832.488649774543,12.734684209501875,241.56492576668353,25.20260785233912,31.548081602681048,38.40311650705865,44.64844720222085,,2.4425093889420713
926.8262229897658,13.201114765014335,243.56380872174012,25.295647358570637,31.653363729002496,38.29650743554436,44.402729243947775,51.664162884107796,2.4449518983310132
842.365202961298,12.783302662685553,247.24465210687396,25.51956355278359,31.684491890798746,38.36498882792039,44.672539143981794,51.73633677980184,2.447396850229344
827.3260100784362,12.70643623877811,243.58733777584524,25.302115675870663,31.83319585935055,38.4254409236945,44.72144705650798,51.56948610800848,2.4498442470795734
926.6204579899747,13.19939511900632,254.2239814833934,25.89781430822424,31.917044559570325,38.58087698836834,44.82274928690878,51.78265999537615,2.4522940913266527
929.1197456896157,,245.9291394500136,25.443792917862748,31.769659969534782,38.39151552279184,44.77217114131739,51.74623611768578,2.4547463854179794
841.0713470922386,12.777340880908032,252.6687974589639,25.819017662224805,31.967730025715934,38.56766831563952,44.8730246583104,52.04449600186111,2.4572011318033975
828.0143192469924,12.709986939498389,248.7708868757183,25.604314449117943,,,,51.8473635670655,2.459658332935201
997.19863401433,13.528500115865835,,25.46882859107318,31.935772140327764,38.55163027412608,44.86632066704088,51.912036863487586,2.462117991268136
866.0994321383405,12.903088567334319,247.3273111271677,25.518582226665067,31.9655836353258,38.55623492931835,44.87931303518857,51.94730086591176,2.464580109259404
853.6413671000505,12.841090062650666,251.37108755971462,25.73380870372548,31.652391459982475,38.63572386566069,44.92430982833301,51.93676357714326,2.4670446893686635
878.7653072660958,12.967269690492524,253.24296254121904,25.850657622495344,32.0098816733833,38.83702633394288,45.188013175935524,51.8781065650435,2.469511734058032
867.0920741723194,12.907863384850453,245.54865778388935,25.40507388344684,31.75339127630636,,45.03333161545675,51.9616518865452,2.4719812457920898
948.1455525973704,,254.0109458079546,25.885493252945817,31.970365435597625,38.580503495109845,,52.13463296121027,2.474453227037882
1022.5590781083142,,247.9241852097641,25.5650010899815,32.00801933742466,38.87227377771706,45.30803433959786,52.11231981647777,2.47692768026492
1001.7562868000842,,253.08753583992603,25.830283921816616,32.16054960234639,38.8771244250086,45.313585906785406,52.242492897572916,2.4794046079451846
841.21036751812,,255.44762818866366,25.963106878448915,31.97341695051524,38.826017682500364,45.34001447916892,52.105036025497895,2.4818840125531296
899.8963150529402,,250.2359147124212,25.670759743857918,32.070260487179176,38.930926742754416,45.43414773527918,52.454547232457614,2.4843658965656825
891.261235839577,,248.28569068370297,25.56596329541877,32.02829693247297,38.8349744877748,45.44424097986466,52.246650354734705,2.486850262462248
992.9763938417007,,257.82165011366544,26.082825502930188,32.10260558903526,38.889152413050084,45.55162313689905,52.304504908842844,2.48933711272471
988.0102224666368,,255.42575806272288,25.955625241221533,32.44104127883377,38.91152594496902,45.47356056130353,52.49849072449503,2.4918264498374345
956.0369690691704,,251.52941907085517,25.736173333020353,32.122875383021444,38.87835617842202,45.495709987457914,52.365225457352466,2.494318276287272
947.4704983118047,,253.93557100624687,25.879187718507147,32.28283020268914,38.93391447517593,45.55534427299377,52.51139619235233,2.496812594563559
1036.0404874781777,,259.07322520271265,26.152831758942835,32.092684588556125,39.044182711639635,45.51188177900265,52.48121260059798,2.4993094071581226
916.7543168581976,,254.58331771177006,25.907678598552078,32.15687199500874,39.153240035981305,45.5842237699405,52.63684421881466,2.5018087165652805
900.8487259756765,,,25.790268750741287,32.26335046642796,39.139043148216594,45.80432951825827,52.56701027769086,2.504310525281846
993.3418709476219,,252.46879419159978,25.793619542050052,32.3295665459359,39.05314839468039,45.71911966711278,52.63139341584883,2.5068148358071274
962.227854405574,,252.66437726645484,25.789375357473286,32.24963641105982,39.18141863518795,45.846956777968295,52.678129443759836,2.5093216506429346
907.4861126380057,,258.7205950635539,26.13433179170223,32.227189893798595,39.28822009105508,45.9726518462206,52.612849484051296,2.5118309722935774
872.6791498053766,,262.0682478142542,26.318161623323558,32.26672449487748,38.86792703113586,45.78616470756029,52.746219014793695,2.514342803265871
,,254.63720313645882,25.910922570619288,32.50737410281946,39.30420593691453,45.99173277849595,,2.5168571460691367
870.0446383554658,12.92243205005603,250.54221631995358,25.66255757555088,32.22808077999316,39.59253363815693,46.11998336826596,52.94088523571513,2.519374003215206
894.8911468522958,13.045220609300202,257.26512170690637,26.065871737856746,32.50182050014767,39.19753865696891,46.292097383577435,52.85616802905106,2.521893377218421
1001.7183452917307,13.547279700481782,,26.38104851246953,32.404467142714395,39.38101090402704,46.24108250298522,53.02302481397535,2.524415270595639
992.8589429104062,13.508287864003488,262.7187882911102,26.328080023780082,32.440044030210814,,46.20311097715782,,2.5269396858662345
,,260.5779691516191,,,,,,2.5294666255521006
,13.031311560014966,266.62957237086135,,,,,,2.5319960921776525
,13.239170456226836,260.2391192690385,,,,,,2.53452808826983
,13.162890037671508,264.15621268319063,,,,,,2.5370626163581
,,269.0331996919073,,,,,,2.539599678974458
,13.579193472925228,264.74061003219646,,,,,,2.5421392786534325
,13.484961222015137,262.4741975615878,,,,,,2.544681417932086
,13.166185198593823,,,,,,,2.547226099350018
,13.776231008901629,257.29664331677725,,,,,,2.549773325449368
896.3441960773279,13.052299765732617,269.49606966583957,26.712855136388665,32.791305444609655,39.753113357090754,46.74697532818612,,2.552323098774817
1002.0694997028615,13.54901750476818,266.64541385046823,26.557310511710778,32.61381616854835,39.56758106289166,46.63942399488765,53.36447921456103,2.5548754218735916
1036.0519064926707,,264.2641659618724,,32.90467949813122,39.70599389366774,46.664469182640254,,2.5574302972954652
,13.882597201691455,260.9781267867053,26.255156112427063,32.83676319526899,39.97770955262004,46.876204284787974,53.448268851010546,2.5599877275927607
1074.801318417661,13.872366516842114,263.4795403471232,26.375836508662847,32.97464298461908,39.950882116472684,46.905565545701975,53.50301458007495,2.5625477153203535
973.7997879045798,13.418877348348309,263.1039472904701,26.353484282547967,32.74501719048533,39.730869667174716,47.008445004831664,53.564577832794214,2.565110263035674
964.4152066814711,,268.8681471720766,26.67409853612126,32.806662202070896,39.72552547859998,47.15221049789241,53.452009253601354,2.5676753732987097
1034.4043270625486,13.695110724048043,258.7123727704289,26.128855108622837,,39.909964102952905,46.943506347357115,53.55101753020561,2.5702430486720083
1024.553966896495,,269.6664603093533,26.717363299199107,,40.06682662580107,46.94228084736691,53.68438885808763,2.57281329172068
965.149338018457,13.380797502360645,267.5390714743642,26.589980672798898,,40.04044123463916,47.017913004936375,53.652166996177975,2.5753861050124005
1044.1271037239756,13.738009561929426,267.0546127868836,26.571945736510987,,39.70708642857302,47.10641292390788,53.55154498495331,2.5779614911174127
1105.58032318925,14.004346805479198,271.81432854560614,26.808068196508692,,39.863750173149874,47.29663011805298,,2.58053945260853
998.3571387219617,13.532261349011819,270.73871863046224,26.764565932809777,,40.14418482569529,47.3040939345951,,2.5831199920611385
927.1219496672496,13.200839660811006,273.65123934666957,26.92230287931671,,40.67245558144195,47.32181194500784,53.6675928152885,2.5857031120531997
1054.8827013389798,13.785549762630017,275.66094126177114,27.033422533105366,,39.93538930553685,47.31577197307551,53.79956595879239,2.588288815165253
956.5026745487623,13.33790281964439,273.1784802485255,26.88223417174741,,,47.3980838875073,53.928902112429746,2.5908771039804184
1052.424019048946,13.774910628187552,273.6240607262037,26.919557573179937,,40.33644678597537,,,2.5934679810843986
997.5994378759779,13.529186188496471,265.8353993562946,26.502197235764946,,40.09890199871723,47.43332093457589,54.0414575670829,2.5960614490654828
947.1644758966664,13.295696372652758,274.5012642922286,26.95776219235883,,40.3160201042968,47.43507674019237,53.96911778891824,2.598657510514548
1000.1331334011493,13.540994068553793,267.33072398280035,26.57592255019314,,40.347908195035146,47.585915713639636,54.05401242351543,2.6012561680250625
978.2175754793624,13.440060777324259,263.1831640942169,26.348340925351792,,39.976187011472994,,54.08803041117982,2.6038574241930874
957.861251073375,13.345937518257553,276.42019173675067,,,40.283060760427354,,54.210970427903106,2.6064612816172805
1029.294338657526,13.67170666321087,268.2933790538782,26.63835474708405,,40.4236370597302,47.71166529602692,53.97213996577369,2.6090677428988975
1096.7168302068887,13.965982014593681,,27.053316773514005,33.33429217098049,40.22055515246121,47.51625418849262,54.52490172366923,2.6116768106417965
1063.3456020930757,13.821282071497992,272.3541274047289,26.842718105810892,33.51708414040905,40.200359498304344,47.59330369852012,54.2762393027331,2.614288487452438
,,,,,,47.6967033709705,54.35804281263809,2.6169027759398906
,,,,,,47.720567058647106,54.44452957074537,2.6195196787158306
,,,,,,47.5148413847969,54.354919001776345,2.6221391983945463
,,,,,,47.860685471403194,54.36479876332924,2.6247613375929406
,,,,,,47.70885686902859,54.67185316612803,2.6273860989305335
,,,,,,47.610482004049324,54.70700355499261,2.630013485029464
,,,,,,47.87492372180347,54.65184872084331,2.6326434985144935
,,,,,,47.89525571603002,54.52818378083025,2.6352761420130077
,,,,,,47.87594804267691,54.55900117855215,2.6379114181550207
,,,,,,,54.710437009875676,2.6405493295731755
,,,,,,47.8651549754071,54.89898321163742,2.6431898789027484
,,,,,,48.12648062234434,54.703836506769214,2.645833068781651
,,,,,,48.02629509979996,,2.648478901850433
,,,,,,47.98405517380767,54.88273500763513,2.6511273807522833
,,,,,,48.054857771237415,54.87143020717593,2.6537785081330356
1133.4740338496194,14.121339628984027,282.0194996119952,27.3383076199864,33.80494941550502,40.841562648741466,48.02963240281233,54.889955202485794,2.6564322866411687
1146.9000154017147,14.178131864529409,273.60988384777426,26.887757546977532,34.18560105895083,40.93514606730111,47.944478587765055,54.940668046425316,2.65908871892781
1073.3778957413765,13.865813009022787,283.1192682895296,27.3966232822119,34.112172292230085,40.99646226724169,48.35658435110621,55.100425983787225,2.6617478076467376
1055.767703083446,13.788658796229894,278.8366637215333,27.174442044110066,34.02016234477304,40.85692379355334,48.224299241203305,55.09739074749712,2.6644095554543843
1079.9448980819225,13.892628085210319,281.1882599876078,27.27132526893811,34.027360760945015,41.08363915153536,48.33723673341424,55.119670306186435,2.6670739650098385
1009.02446643438,13.580324068022158,275.14098896264454,26.972837251007018,34.1135753749849,41.25606064584605,48.13652811746631,55.05645005706924,2.6697410389748484
1039.9576842150302,,284.0044568827442,27.43821694347521,33.98007167369166,41.19076235226677,48.26925510907842,55.18749804655362,2.672410780013823
1081.091535877483,13.89866077769791,285.002295967625,27.49875376545659,34.29609356812803,41.08477298455453,48.17529351500177,55.26513349456063,2.6750831907938366
,13.976163640609908,283.76540376387163,,,41.22595012410118,,55.45008855083669,2.6777582739846304
,13.754580516389925,283.9809208351824,,,40.947262050534405,,55.324761179396056,2.680436032258615
,13.619476747236694,282.13236111208744,,,41.09799530317795,,55.34214177621009,2.6831164682908737
,14.283888266524448,285.77314844890327,,,41.51132890026479,,55.42122557902271,2.6857995847591645
,13.771202060034412,,,,41.247276918915986,,55.230567606721664,2.6884853843439234
,13.97319454899519,285.79346130309153,,,41.24259018256486,,55.46745392189639,2.691173869728267
,14.4076303130606,278.11825597021567,,,41.419948666218666,,55.44827411208842,2.6938650435979956
,13.772705654393498,285.76757685171776,,,41.38390511606405,,55.60873847318612,2.6965589086415935
,13.805740175389529,283.8431089238377,,,41.48598882140124,,55.77334632901037,2.699255467550235
,13.998275969841506,286.352627812586,,,41.391866420108684,,55.69166443327638,2.701954723017785
,13.905518120865828,,,,41.37419908740313,,55.671822599850884,2.7046566777408025
,14.285703364380508,292.4138094711853,,,41.39154701826867,,55.62500394361795,2.707361334418543
,14.05546348556135,287.5070132554728,,,41.49288554232598,,55.662616772197445,2.7100686957529616
,14.06306539765067,291.7861290873821,,,,,56.04606838561617,2.7127787644487147
,14.15089837260388,285.81565508232455,,,41.49205098308852,,55.8939518067037,2.7154915432131634
,13.9047603802125,283.89056190769,,,41.68345664701187,,55.74441570540207,2.7182070347563765
,13.927187229216658,293.77360848801703,,,41.73796628141124,,55.93029353615107,2.7209252417911327
1178.08153728572,14.304509328212273,286.33968033351573,27.55191632369413,34.91963244311075,41.614391061251034,48.470181750527495,55.947538444794624,2.723646167032924
1150.6228214480418,14.191472878424367,293.4869688487307,27.907907981678832,34.90421983381124,41.65178818067129,48.5621161432172,55.80372980190641,2.7263698131999567
1083.801848349747,13.909369412597867,297.0989301329396,28.098968356035037,34.98814295491123,41.79273654321169,48.5883854121082,56.086078646275524,2.729096183013157
1154.5141368647157,14.208839204872971,285.08683360333833,27.486131826738347,34.835803402725226,41.663162495048276,48.61737813912416,55.941469349694856,2.73182527919617
1160.4563461833889,14.233262261938048,294.70623733168907,27.96808457924471,35.10342238230886,41.7416776272692,48.79328119612935,56.1872359778412,2.734557104475366
1129.322153222588,14.10177631966061,298.92639726754226,28.186459007497398,34.88213993700191,41.851027575572516,48.60645098485997,56.05108019938042,2.737291661579841
1154.9381367720148,14.209372850893214,294.09519214117523,27.94564823245951,34.93584877726673,41.82267744391228,48.56324532563904,,2.7400289532414206
1094.0674117981657,13.953926886647038,295.3149403013364,28.011717620810913,34.96206589485431,41.9904514859514,48.9653443083128,56.14768479227862,2.742768982194662
1193.4058357672825,14.366818547487657,291.14865965898923,27.78048135572371,35.30117569228493,41.816296091145084,48.72468401582642,56.35613997500675,2.7455117511768563
1227.3283538270848,14.502891244512462,290.93337539204384,27.786746720305562,35.15078735287781,41.845826714265264,48.55810153549662,56.28746613461605,2.748257262928033
1241.084745641897,14.557300601102884,,27.79680644094244,34.962969285548304,41.7585794741888,48.92731674759027,56.39806921790736,2.7510055201909607
1081.879700494969,13.90119150173834,300.1612852370494,28.24628604845319,35.185421428576596,42.05197478936552,48.951360732485185,,2.7537565257111516
,,297.373509567877,28.10892724982914,,42.021621816851116,48.80984338679485,,2.756510282236863
,,289.1320622545949,27.677942102544907,,41.98399470436622,48.9043791668382,,2.7592667925190995
,,297.8280093265161,28.123072216108493,,42.13048293667174,48.744803697440865,,2.7620260593116184
,,294.1734909683951,27.938714962191717,,41.88000819957008,49.05542256456259,,2.7647880853709297
,,294.65816131870383,27.972118124796406,,42.22052684654295,49.06119603819867,,2.7675528734563004
,,299.66529335521244,28.21464518968482,,42.07554152760251,49.187549913979545,,2.7703204263297567
,,292.75465109826354,27.870662872732034,,42.13202499033152,49.051715266952776,,2.7730907467560866
,,300.7441643078775,28.26718996839202,,42.31211096769831,49.08688062688503,,2.7758638375028424
,,297.33549011300767,28.093303363040814,,42.33163546579571,49.07901802650785,,2.778639701340345
1186.1298478638855,14.33744149255047,294.0053248969256,27.929299381349953,35.44093528458511,42.04349991537142,49.25532396787691,56.976356172584914,2.781418341041685
1154.113395300512,14.205570852780069,297.3857862382144,28.076240065349786,36.07855497113537,42.267161228224275,49.10985634350111,56.88666387413163,2.7841997593827266
1153.371199484315,14.20261273145631,304.4808554336401,28.464014645648298,35.567727360341415,42.28812695913586,49.183717796013,56.99654765314516,2.786983959142109
1166.962378694761,14.259593901231916,299.6810727017236,28.208907952719667,35.35470365202027,42.40888028695031,49.183108333286896,56.61270431476229,2.789770943101251
,,299.2066333985419,28.18823575423227,35.315176165214005,42.45256342051821,49.28482414938236,56.95463424226758,2.7925607140443525
,,297.7670285825629,28.104953218384473,35.57729331609059,42.392693065469125,49.44654718525142,57.06762296857615,2.795353274758397
,14.637989913196273,292.74476168558954,27.863642647163918,35.59029460742912,42.48296836487363,49.590636033775944,57.11448135084734,2.798148628033155
,14.391973671742189,300.24466046813495,28.234299255502894,35.82560516257299,42.43603846379927,49.33560277356003,57.03405010688652,2.800946776661188
,,303.51486574847,28.40589650192534,35.58342775375608,42.40081698499252,49.305454708666616,,2.803747723437849
,,298.48061344151466,28.14642294207725,35.51091678222503,42.56747981239943,49.48432153813266,57.13549670485622,2.806551471161287
1062.9401157156326,13.81942975913432,308.23047971340753,28.634153106802035,35.539941031390576,42.390061008097284,49.57974261658964,57.20854781631355,2.8093580226324484
1136.1958441584193,14.131088968878302,308.06598887741075,28.6249055345129,35.69774844132817,42.50422966992625,49.56514399333807,57.16486682186971,2.812167380655081
1230.432925129256,,,28.33898647065554,,42.705412288209985,49.67940118190939,,2.814979548035736
1270.726407404139,,300.436320701801,28.241969189697528,,42.58701068787369,49.79505156101923,57.244739363817686,2.8177945275837715
1237.954706756773,,297.0788361847291,28.07376854724531,,42.87214903083047,49.73086663877068,57.37934695138543,2.820612322111355
1117.3736369147537,,298.97611603312754,28.171717119156753,,42.66104813790789,49.857354607547926,57.375691104014514,2.823432934433466
1194.580193701202,,,28.387972218243327,,42.754096102923825,50.02141422128371,57.25962637797688,2.8262563673678995
1253.2079127753173,,303.1945304826234,28.378468307766006,,42.851690971962796,49.89333460611262,57.441100502584945,2.8290826237352675
,14.609643278729395,309.1761555227586,28.65714325474978,35.750561275422086,42.81868000056708,50.1145216163965,57.55201371421262,2.8319117063590027
,,310.7727721979325,28.752978164541748,,42.897421986582536,50.08755981129859,57.34211969692285,2.8347436180653616
,,,28.400715214433895,35.85822466699054,42.930547083529106,50.158651629736475,57.733319223446145,2.837578361683427
,,309.5808456927463,28.691786455334213,35.84073865019462,42.877833257769524,50.272914736788934,57.609901960044475,2.8404159400451103
,,301.67041616567724,28.29966921098956,35.92450412882186,42.86794693662459,50.010023913341946,57.734466629307505,2.8432563559851554
,,300.5084349920693,,35.85920683043167,42.92508757413897,50.02179062450983,57.64156882639481,2.8460996123411406
,,304.7657840535907,28.464139174149505,35.857134800604186,42.91696851472115,50.28523299833835,57.65519353195341,2.8489457119534816
,,315.6336959015521,28.99331478190027,35.86275255397055,43.01572211248841,50.53572827657375,57.8236449951799,2.851794657665435
,,300.5869051855637,28.237597518350654,36.018772943191024,43.05547094790742,50.33452614503921,57.786947704057326,2.8546464523231
,,309.54853023627976,28.68341048540522,36.07285703039833,43.13108149554987,50.4909224428752,57.928370654332475,2.857501098775423
,,307.3472013493446,28.585342366066413,35.83360888807941,43.08596478318542,50.38719859190612,57.81340187771597,2.8603585998741985
,,309.62805219091393,28.681485721320485,36.10351637058962,43.101114503113855,50.3302124640502,57.91568852297651,2.8632189584740724
,,306.0006285228556,28.507348004739917,35.96226079122445,43.323557447632425,50.64419759312432,57.933237549256106,2.8660821774325465
,,309.94820854336206,28.713827261489268,36.08594076201952,,50.47475765186968,57.771809689806204,2.868948259609979
1203.792177209447,14.4074190352527,307.1179242435537,28.572406258657214,36.20228938479608,43.29491073565681,50.773578893838405,57.877478786837706,2.8718172078695887
1311.251076508477,14.827175031063991,307.2666254173177,28.57244898656819,36.38539964702621,43.21567426962516,50.86426536027448,58.307877029581945,2.8746890250774584
1314.8321061785164,14.840071993408856,312.58574779182635,28.829651901782363,36.16408440297689,43.30385942347606,50.68315956045249,57.96882756864731,2.8775637141025356
,14.468525203903257,313.20421383457517,28.86824174881416,36.23094805832216,43.381077942364385,50.87420769408893,58.15609539814325,2.880441277816638
1291.0488853659415,14.750346866275505,,28.882954948808763,36.21816048622821,43.35636690311491,50.95529392959115,58.05300743599794,2.8833217190944547
1320.5770842762954,14.862275326652528,314.3194823295167,28.91588398707696,36.46168859756336,43.28336611477699,51.13434518074167,58.11623117384023,2.886205040813549
1287.9809337022607,14.738102783201828,310.33044851017087,28.714580851019683,36.30902396970456,43.41254984010896,51.14292386736701,58.32519265880361,2.8890912458543623
1196.6414801243643,14.378087721124734,310.2445224849778,28.713143378646084,36.23897620312267,43.48716454410384,51.16059196377884,58.46397241064183,2.8919803371002164
1203.0290622568857,,321.53275430473866,,36.319784965559265,,51.177064492240945,58.33278887794474,2.8948723174373163
1311.643890769957,,316.21601094999414,,36.26652978636907,43.577961589328034,51.06407514122537,58.545588056625625,2.8977671897547537
1357.8173726891835,,319.6686838787292,,36.2565409509656,,51.29554518436977,58.536922560656045,2.9006649569445084
1327.318838104216,,325.9067695053674,,36.10599677551065,43.68618074283834,51.16248111882103,58.38893702628992,2.903565621901453
1304.5553787059014,,317.0408516362838,,36.25924933714226,43.34773278237208,51.35910112769985,58.65245202534641,2.906469187523354
1284.903940300372,,314.82132853638063,,36.33421161080227,43.4448502272638,51.31924324588002,58.30803534755424,2.9093756567108775
1305.9178045956462,,321.8259671188128,,36.35559051665487,43.66283454439967,51.368636320943466,58.662809589115305,2.9122850323675884
1398.7969116103395,,320.9666003659864,,36.08010214422426,43.750824811154516,51.33580332555339,58.757604908983865,2.9151973173999557
1365.560144731812,,319.38939345213026,,36.26315442582118,43.70012073812494,51.43620896201464,58.73595100628808,2.9181125147173557
1310.7671438071418,,314.77765973756345,,36.22206354298172,43.89562739762486,51.48240550316204,58.73177690147985,2.921030627232073
1360.677142938886,,318.4488194943076,,36.12007355829881,43.63258333529661,51.642119475042996,58.75790334755793,2.923951657859305
1393.263317985005,,321.30088355349756,,36.53456878011859,43.799989838460846,51.570439535368564,58.88456446313935,2.926875609517164
1203.6446528762926,,321.3821402365986,,36.31083071100033,43.766932121361535,51.73722236689061,58.891766597252385,2.929802485126681
1351.543525895125,,323.5494649542541,,36.1304287971025,43.89663855963109,51.75672976694146,58.958941199442826,2.932732287611808
1337.2240511546165,,319.21936504396893,,36.388917120189596,44.034394329249054,51.767842231739294,59.17738931189349,2.9356650198994196
1230.3775850792458,,322.04471920473543,,36.43671537993429,43.90371261769672,51.670294587687444,59.085410443139565,2.938600684919319
1290.7848374983716,,304.41834603458375,,36.57706908676416,43.819744690865996,51.80206937546852,59.00760173315852,2.941539285604238
1304.404149887358,,323.9905888786218,,36.35871890841068,43.94625050675881,51.75224562272818,59.04879506995167,2.944480824889842
1392.772311624644,15.128928816247276,323.7131448073932,29.360444561046055,36.21022812999686,44.00299920578513,51.78170019872028,59.13590549548017,2.947425305714732
1388.0425222554006,15.112334201096875,321.2880751220109,29.24312947467727,36.381401003688175,44.072801259472016,52.007103216058304,58.97792501921528,2.9503727310204466
1285.4358754193108,14.727239807938771,317.10469230844836,29.044903252585037,36.70751746758243,44.306300547118724,51.91845133676374,59.095201521259824,2.953323103751467
1224.9886911432868,14.491232955629052,318.23653824660704,29.093095706113534,36.58040951133936,44.2761216318569,51.94281709177963,59.48147174792204,2.9562764268552186
1360.299096394046,15.009094677210603,318.0014268119748,29.066402453926756,,,52.12339134442101,,2.9592327032820736
1410.1743085939943,15.191929208359616,327.57503887364584,29.53965260575802,37.04192450923595,44.00931911388942,51.85564208348363,59.29980634422549,2.9621919359853557
1303.2587109539309,14.796496294726843,326.9639619456704,29.51442887502631,36.44840619942369,44.18178858315285,52.079086643634604,59.31041916998854,2.965154127921341
1314.4691125697668,14.838290813290687,321.70680689311916,29.260561614006367,36.451177747466986,44.23085650982606,52.14730336506937,59.37662666087052,2.9681192820492623
1426.87184308167,15.252241234193185,331.6428511233145,,36.56783247059897,,51.92405129049908,59.40706319442244,2.9710874013313116
1450.5028282288604,15.335965646232092,,,,,,59.29706946903937,2.9740584887326427
1375.0190199421388,15.064348235129133,,,,,,59.370191717471656,2.9770325472213752
1363.5374743916045,15.020854757408278,,,,,,59.52542396325227,2.9800095797685966
1316.99082211848,14.847625687881102,,,,,,59.31546082220367,2.982989589348365
1339.329090482138,14.931655696666578,,,,,,59.346315709170135,2.985972578937713
1422.7588697787014,15.23670838853237,,,,,,59.59341309234646,2.988958551516651
1312.8670728088364,14.832203968265103,,,,,,59.72035753995177,2.9919475100681674
1376.6282306901976,,,,,,,59.816660413986774,2.9949394575782353
1486.0448016361852,15.461093713280642,,,,,,59.8874709651865,2.9979343970358134
1301.5849396179979,14.789435973984633,,,,,,59.84522812603308,3.0009323314328493
1434.8353873043807,15.279804481045963,,,,,,59.67900383190216,3.003933263764282
1380.7173241225732,15.084635815066184,,,,,,59.97274786108392,3.006937197028046
1287.2398190230992,14.734401385313733,,,,,,59.83129795158337,3.009944134225074
1376.9776533125998,15.070855974605468,,,,,,60.290696282678105,3.012954078359299
1257.8744487183853,14.62016639287684,,,,,,59.99936041458539,3.015967032437658
1492.4783069352898,15.483573059617834,338.0724819835746,,36.791996548023036,44.69196913178196,52.58945180517091,60.055308859952284,3.018982999470096
1507.2372693652349,15.534193316901042,329.64738121865946,29.6206501890974,37.0409521765575,44.804049051826645,52.3684362904003,60.08414504037644,3.0220019824695656
1453.7485942312862,15.348319954797324,334.49699656549257,29.87125358460293,37.00500831015804,44.78895481795705,52.82635678740599,60.14713428867522,3.025023984452035
1401.1322995841008,15.15862071377562,329.3649548749525,29.611537567346605,37.39942262284102,44.82117233249656,52.547298372517915,60.22660865617441,3.028049008436487
1366.6723552487556,15.033922830642945,336.6326009595559,29.9610607623626,37.045659227322005,44.834501448882044,52.502594191557826,60.21540394125145,3.0310770574449233
1356.5348826420714,14.995397708377926,335.10290949161555,29.874758515244608,37.110623755028115,44.89601548015342,52.71766302110142,60.146293820853465,3.034108134502368
1419.349764489467,15.224701071174108,332.8238304108127,29.77908404372894,36.699968070380365,44.987072756827246,52.88476570048542,60.20849840841739,3.0371422426368704
1450.4306605768795,15.335129801448327,332.48238903029284,29.757805061838056,37.180962290558796,44.863931430089366,52.551901701566706,60.44472293251705,3.040179384879507
1508.1224197676245,15.53709863128772,337.3488436759672,29.996095051884346,36.875357717404135,45.09879465012607,52.75616291072049,60.31280424519165,3.0432195642643864
1383.1763883818962,15.093079543417613,339.62934076042956,,37.05280623314901,44.96862055480715,52.63103847931141,60.51319117576256,3.046262783828651
1523.3429841540922,15.58978343935343,337.30202672198226,29.973419398460674,36.97947124637514,44.96052435321894,52.932427503114944,60.66412525564685,3.0493090466124793
1508.8053986947452,15.539369461458959,335.9547366745045,29.92166566188788,37.115911671233405,45.127298356921635,52.85682151777076,60.45098186598411,3.0523583556590914
1317.9830545424886,,333.34728280003117,29.795843439675416,,45.07903845471274,52.82280969982935,60.50997936020325,3.0554107140147506
1510.5001352104002,15.545341030661927,342.87896030215046,30.231884446884287,36.960207412829135,45.00855137020274,53.03219361237954,60.64278053800046,3.0584661247287652
1476.0972199957596,15.425914539144511,336.7169403707473,29.962351371464912,37.21505733454298,45.24244857846495,52.96273024963674,,3.061524590853494
1527.5075549350606,15.604032071216952,333.2701022240841,,37.2533538274328,45.093153169212265,53.00526581062494,60.85684809442145,3.0645861154443472
,,339.9751791322025,30.1143764153995,37.00153520421001,45.29481363064445,52.94091824755198,,3.0676507015597916
,,339.7270746857033,30.095159080581638,37.24187675537358,45.20744607538029,53.11436986018788,,3.0707183522613515
,,342.4264337199313,30.218690463562076,37.248100277982715,45.270213975330364,52.8338008889,,3.073789070613613
,,342.9624434958102,30.245856140525795,37.31697869997077,45.35577421588763,52.915944127877594,,3.0768628596842262
,,340.9251935831372,30.15081987765161,,45.35687452814451,53.09068408147207,,3.0799397225439105
,,349.15611922989007,30.531921520232817,37.42732237198402,45.3321267066353,53.20678100251351,,3.0830196622664543
,,343.7212985150149,30.28773165269911,37.48889086070059,45.3476409894472,53.172907020044946,,3.0861026819287205
,,343.1686405643794,30.254593556423316,37.444851340566906,,53.05191160796095,,3.089188784610649
,,345.9314677884103,30.382714605062723,37.567587313827644,,53.18054136658874,,3.0922779733952597
,,338.9191198783132,30.057376045467247,37.437259272421166,45.58485074466812,52.99374301030836,,3.0953702513686547
,,343.26346575662416,30.24776453603468,37.57555583268377,45.46987608515009,52.946396977166394,,3.0984656216200235
,,349.6891055442542,30.553229735211648,37.66080389990755,45.51270273201558,53.11165556311794,,3.1015640872416435
1450.6104409484885,15.336060156684471,346.35824457265284,30.390891966797504,37.664712534991814,45.47052803804712,53.20073120935139,61.05364438923949,3.104665651328885
1385.1810231713575,15.099899689231185,347.460799292813,30.44910164164208,37.79223419382612,45.42230274016891,53.16506748447627,61.13904251401789,3.1077703169802136
1491.5662259653143,,338.1994073088707,30.00524680675465,37.75117814013821,45.655267835718234,53.33147530314304,61.461045153324775,3.1108780872971935
1359.5649724121768,15.006440012463825,342.99410470347925,30.24158682695343,37.608286246717135,45.52187504362562,53.17208625277658,61.41199593909046,3.1139889653844905
1421.9648770804295,,349.58317341347987,30.54090847533039,37.71001898960489,45.60317289330587,53.274089791922485,61.47005066601949,3.1171029543498747
1553.243439875598,,347.9849668788742,,37.71287480840192,45.67688889494476,53.359170982892735,61.330066572202966,3.1202200573042247
1443.203519856896,15.309272278820163,350.98291909163476,30.598012592483062,37.89063832505203,45.86123547108897,53.39004986421677,61.42465632811142,3.1233402773615286
1472.3060701004995,15.412509918055827,,30.432285599614865,37.95322800574535,45.75624217091831,53.46168806295844,61.701361404330974,3.12646361763889
1537.0758219989148,15.635955286925626,342.1378561523544,30.193052390039778,37.76602031061396,45.59917790869582,53.21428326300038,61.6199264652545,3.129590081256529
1411.5610626389166,15.195790457134931,351.75529304231685,30.64010357408842,37.645578759985554,45.83938413338942,53.63964573884782,61.65851930315243,3.132719671337785
1566.88478684687,15.737478913336496,342.49989650921725,30.210154661910316,37.87234995802024,45.845371826574,53.47066616532996,61.59345923483838,3.1358523910091227
1516.975836389506,15.567287110640537,351.83863032777964,30.649782976587442,37.97278515346274,45.922360356781205,53.53345471672702,61.556414093468874,3.138988243400132
1413.588685522306,15.203594833941835,348.89158190960217,30.502165762725735,38.00633424297756,45.7282051364157,53.367936684780595,61.72577054240087,3.142127231643532
1470.7257345995713,,348.5706099324566,30.493685554146616,38.01023503750502,46.30365876335223,53.51936029622523,61.833799230952906,3.1452693588751752
1499.8900511944205,15.508605659783063,350.97482000765507,30.60375894176364,38.02568021885973,45.88080255484218,53.58868642566318,61.53707149638435,3.1484146282340504
1539.3193252799033,15.64414696151176,354.9939746515865,30.795222251556268,38.10313787171389,46.07287921636252,53.67590503608348,61.89151511671811,3.1515630428622843
1468.6903885761108,15.399119459052311,353.7156148899186,30.73879308926117,38.16800157836784,45.999511933416834,53.53386992280997,61.7999651181984,3.1547146059051463
,,343.29098489398797,,38.029545688627614,46.130918273699926,53.48848423137373,,3.1578693205110513
,,345.60052207815653,,38.22296361924437,,53.57927179723877,,3.1610271898315623
,,356.4374143595028,,38.15547497052742,46.07843227411311,53.76797779261243,,3.1641882170213935
,,357.21353848455556,,38.1168338345944,46.20399902316585,53.83879493622528,,3.167352405238415
,,353.2104475246404,,38.27663525882304,46.22454580944868,53.81560910245304,,3.1705197576436532
,,359.5748527872612,,38.28530883629475,46.220067321828104,53.84534820845405,,3.1736902774012967
,,352.6518859637739,,38.078688850889314,46.27035742200836,53.8666178429418,,3.176863967678698
,,354.062812190863,,38.229630494309305,46.25021134586347,53.88434897821299,,3.1800408316463766
,,355.59145395927897,,38.41266943001201,46.01162004793624,53.99200295194272,,3.183220872478023
,,354.41098439914543,,38.471476006293656,46.159093076705354,53.91681038899962,,3.186404093350501
,,366.3261544920148,,38.32315773578149,46.34288624112951,53.85477839664955,,3.1895904974438514
,,360.7158034513114,,38.62269888301715,46.427318523221366,53.91262365313544,,3.192780087941295
,,357.1536849867588,,38.44679181824361,,54.09235131371989,,3.1959728680292363
,,350.3067954876931,,38.51076855678206,46.52493950603737,54.223498424666055,,3.1991688408972654
,15.434308881910143,365.1988023968931,31.25582174042213,38.61364064868348,46.458996568430265,,62.294544164209384,3.2023680097381626
1527.6767269286597,15.603828040421083,,,38.61462492016873,,,,3.2055703777479008
1523.3455281094143,15.588813736115064,,,38.90714897520007,,,,3.2087759481256484
1631.0437334251264,15.949733261773606,,,38.72473130064872,,,,3.211984724073774
1654.2465040363422,16.025233623213694,,,38.581463723448095,,,,3.2151967087978477
1534.5338515592366,15.627166650425824,,,38.43980868101207,,,,3.2184119055066454
1669.9802875166536,16.07641974600737,,,38.891862262307136,,,,3.221630317412152
1536.273110984219,15.633745500332733,,,38.675684212909395,,,,3.224851947729564
1721.951457977778,,359.62820395637067,30.983636604341747,38.76093871740866,46.82247611556167,54.560054625553995,62.3437805585593,3.2280767996772934
1722.7595511232112,16.24487656248569,366.84996192273854,31.32080864092889,38.95971910297234,46.73721505966838,54.571305234300944,62.99151518098859,3.2313048764769707
1547.0681274684653,15.66846797154473,364.7827414691701,31.218750448910757,38.79592836356333,46.73848309992699,54.7509143122022,62.87654107359288,3.2345361813534477
1638.802667828605,15.975085962575106,363.79231494465654,31.176429057367223,39.23020692898933,46.785778267098834,54.570673794090304,62.77570390165912,3.237770717534801
1592.6034413558807,15.823192660294987,361.7894026666228,31.07937981159541,38.858090622877825,46.97132197205875,54.688626751844716,62.73475413072757,3.241008488252336
1478.403753663114,15.43357724132053,371.76235178232395,31.537112815923823,38.861898193285654,46.81372216868708,,63.029793068295106,3.244249496740588
,15.70195969560518,370.01372862844545,31.459680768108946,38.92832659438977,46.8271776466526,54.82703893349278,63.164881861116314,3.247493746237329
1515.5320006595164,15.561662490317003,366.79103850700926,,39.17261260808807,47.00721113036839,55.04274920657986,63.21347104591565,3.250741239983566
1703.2228626579551,16.18221122224077,356.96854519675355,30.852714244581374,38.89378003937788,46.749061101932,54.74980189992779,62.97669167179735,3.2539919812235496
1596.7688359219367,15.835780464869005,360.3646336592637,31.00950411217672,39.1568747401735,47.042790815922125,54.88139662699776,63.01215211437153,3.257245973204773
1744.2458528394488,,357.732957624399,30.883036589219167,39.31318221781545,47.18008171570442,55.01178216823151,63.1407125254789,3.2605032191779775
1587.1163806926884,15.804214354170757,371.35308629429414,31.515326919614257,39.20985733255054,47.05412107209839,55.16631318171283,63.36008035082646,3.2637637223971554
1576.6133103480622,15.769192238829778,362.98801550634136,31.13587687156559,39.28770496326865,47.11450812282627,54.968256594302275,,3.2670274861195523
1535.0092330561247,,,,39.179071336706464,,55.19772690906472,63.196313483898145,3.2702945136056716
1732.4428541005661,,,31.46572222854979,39.10569806172898,,55.107724412783014,,3.273564808119277
1625.8255183539752,,,31.36249024201801,39.320700680661886,,55.19331619256019,63.45449660166063,3.276838372927396
1686.8757300459406,,,31.80070950837443,39.28293276364829,,55.4352846957881,63.470705012712,3.2801152113003234
1607.8395285185684,,,30.875207677106207,39.64622182733407,,55.481942448525615,63.38455082707808,3.2833953265116236
1546.4737949958712,,,31.51343183641048,39.221802815678856,,55.44172002949875,63.52100962499696,3.2866787218381353
1744.3763334430018,,,31.723809577656382,39.598082914631306,,55.316094756978316,63.5002313474861,3.289965400559973
1666.2895853904379,,,31.57608927033725,39.445836270002,,55.75020826006894,63.63782658698764,3.2932553659605333
1679.0213476256854,,,31.613442859507877,39.58424948465493,,55.32826461816024,63.430117723275444,3.296548621326494
1646.8202929654547,,,31.979274263667627,39.66978516106736,,55.807017453890296,63.481231640830615,3.29984516994782
1754.698576644303,,,31.647028432812903,39.32859855354698,,55.643286994082615,63.78700567811038,3.3031450151177677
,,,31.782308185900572,39.75042831590785,,55.82003763947861,63.69975928609282,3.3064481601328852
1730.7885652840903,16.26903069024098,375.59519867758235,,39.80631316551367,47.58380668599583,55.626304731333335,63.87987359236009,3.309754608293018
1742.026288812885,16.30513727106985,375.39939888218834,31.688771765900018,39.752885749010936,,55.798697901042395,63.78840173791565,3.313064362901311
1773.4666259752166,16.402909884534555,368.94465519478007,31.39168855299847,39.75954215127528,,55.68749210901143,63.83842016704905,3.316377427264212
1742.5084352814388,16.306268070965363,371.1075617936095,31.491182705157783,39.98778361156419,47.53359968492347,55.959181161052086,63.89679026558554,3.319693804691476
1616.8381965534722,15.902365206609085,377.13230932403854,31.755108541771584,39.78794470837848,47.66204533245771,56.021825239962226,63.8432481025706,3.3230134984961675
1751.5273932470366,16.33421765031351,369.0096075680046,31.393692290329252,39.76689481145742,47.524948126401135,56.17292390435731,63.84013047739071,3.3263365119946635
1659.8660406685285,16.042934711879905,381.08428243261045,31.927995986271885,39.74062221417515,47.685681853737115,56.35165266128308,63.94177041455292,3.329662848506658
1603.3309947077692,15.85787097701235,374.1562526527638,31.62461495951228,40.04428505814529,47.88975113476107,56.075516985297774,63.979665096721746,3.332992511355165
,16.33699949627408,375.0504096282842,31.66797006059259,40.14176526602976,47.749352250200246,56.18859608048697,64.11509331095772,3.33632550386652
,16.01082923003717,376.7258195778072,31.736416680060476,40.02640843003334,47.72701060713806,56.147855382536214,64.3855739946794,3.3396618293703866
,16.36443778660941,378.8748824587207,31.83442124235821,40.05922175366344,47.75895352807643,56.35812201920596,64.14753958634016,3.343001491199757
,16.352001232574043,382.2604280998641,31.988659396819884,39.950978504762425,47.96305703355648,56.12805532196662,64.38076418879402,3.3463444926909567
,16.49506986704965,375.47414340287054,31.680118068735425,40.07366622087624,47.65186086867023,56.342046111153735,64.10455605608865,3.3496908371836476
,16.060040050767263,368.1454580420346,31.35526576955743,40.08924250064297,47.967586136214045,56.367166879235164,64.43640026127386,3.353040528020831
,15.878048179289632,376.14506075715593,31.702016275472207,40.174817151863344,47.90034177439293,56.451275311816175,64.33191280368517,3.3563935685488517
,16.418083938978416,378.54908709693785,31.812829428337206,40.186189966954075,47.9197190421271,56.39064596511028,64.38387646660749,3.3597499621174003
,15.939968381307986,382.4815624924163,31.988534109891596,40.12024328053104,48.09382335475524,56.55480138174955,64.37289292719899,3.3631097120795177
,16.022462431583296,386.17611409895034,32.160885229301876,40.18764720689945,47.80048699387001,56.520363247044465,,3.366472821791597
,15.88405451646415,387.0616481307511,32.19287753318696,40.33166200805599,48.05754105215906,56.58728761443074,64.43797374843022,3.3698392946133886
1780.8566222516797,16.425494582522614,386.06251742605747,32.16103026854832,40.203582513061676,48.108663455505365,56.49269389395146,64.33753187065243,3.3732091339080017
1754.0049257613964,16.342072095172167,384.9207466465004,32.10358044075056,39.87766469732094,48.16931129565608,56.624711769988885,64.51364236101172,3.3765823430419095
1621.732848593393,15.918165367354074,362.3664664208333,31.082273089811164,40.41909056697454,48.16130237192242,56.4356255890831,64.50663458335713,3.379958925384951
1621.5888526282156,15.917714418566437,381.3968420539323,31.93858898850063,40.27241809243296,48.27910620409651,56.76056521241996,64.48025875172677,3.383338884310336
1775.7033808935748,16.409240305455487,383.36370139738926,32.02526963665229,40.371460154005185,48.200182244133124,56.67289645257254,64.56779103360006,3.386722223194646
1673.730147953791,16.088339702786364,381.42329558163635,31.942995223864198,40.344109230623076,48.09075951879166,56.808690522021685,64.73427345712825,3.3901089454178406
1704.5746981051007,16.186115137772042,381.50245825741666,31.93541896744719,40.281530579531,48.284043854737405,56.78579772699766,64.74600681408924,3.393499054363258
1935.740279712352,16.890544336612475,384.54443522545034,32.07908050569058,40.63206369557347,48.317038582068186,56.81803326737195,64.81268467647737,3.3968925534176213
1712.2210048602724,16.210485910538576,384.31718038169186,32.064454540822226,40.25631575075122,48.30992842280564,56.75319518793038,64.7595271972699,3.4002894459710387
1850.086433508953,16.636291318444016,387.0467205757658,32.189157601958314,40.32351561446776,48.33456131791477,56.95988750158228,64.92180631208467,3.4036897354170095
1750.4116435512321,16.330662864814077,378.86793023501485,31.815141404734433,40.34429709169776,,56.932012550912695,64.71006909986113,3.4070934251524263
1790.6914609048763,16.455432668347054,,32.19975915039584,40.41723927265574,,57.10188876282153,65.17707642693665,3.4105005185775785
1825.908765547849,16.5631806491945,388.302373346584,32.24261908570111,40.56084872077909,,57.377087635333815,64.92927248447793,3.413911019096156
1827.1061929234597,16.56651591035804,386.2377287127485,32.14770381253893,40.54805173149095,,56.85964808636663,64.80213115717463,3.4173249301152517
1816.49025364588,16.534021457673674,382.04451074298885,31.962447519356914,40.490081118702626,,57.11372961042959,65.14256794173657,3.4207422550453668
1684.972910452703,16.12356741541279,381.41133522156224,31.932804143860682,40.18655727135511,,57.27538867023148,65.16665447080277,3.424162997300412
1694.439581584893,16.153869670814338,384.02036567076965,32.037155216161665,40.586066394937994,,57.2645808149839,65.38498026754402,3.4275871602977124
,16.068929073202575,,32.15388983457681,,48.49717919223517,57.140469863694726,,3.43101474745801
,16.49938911051636,,32.532854612203046,,,57.19254095983089,,3.434445762205468
,16.294928714210204,,,,48.7021428361684,57.18330078325205,,3.437880207967673
,16.52715783553832,,32.65402405670633,,48.669232448303866,57.33389578608831,,3.441318088175641
,16.728566209682093,,32.09089754801611,,48.727385099900204,57.32870617972094,,3.4447594062638163
,16.46363401917283,,32.33341514449242,,48.54587450608166,57.58834455921656,,3.44820416567008
,16.276960507061926,,32.403982513612405,,48.780423487224866,57.17737502737666,,3.4516523698357497
,16.178750041971288,,32.15441504816423,,48.847021322238476,57.46250059856492,,3.4551040222055853
,16.22030482037139,,32.46900679245901,,48.86796002411024,57.274306207049754,,3.4585591262277906
,16.61534837422311,,32.59338493128604,,48.94854333098415,57.3013631463052,,3.4620176853540183
,16.79625205597567,,32.56678477879702,,48.64893245052046,57.425664895961674,,3.4654797030393723
,16.303279722054015,,,,,57.43737618203633,,3.4689451827424116
1826.15826000489,16.563974616376818,401.1329217956376,32.7985229310473,40.756346651955035,48.983435904622766,57.58315914003777,65.6948831627557,3.4724141279251537
1738.955511083068,16.294274907111298,393.5955015636875,32.47046883718398,41.06630711063335,48.84936736090882,57.441336748480666,65.70835722104646,3.475886542053079
1908.889541542029,16.811008189641186,395.7635626161005,32.559629392431866,40.906597011875235,48.92085880689958,57.36112769934629,65.92073863833926,3.479362428595132
1873.2545854899267,16.70557468377846,390.9425488298156,32.34643631446807,40.94442286428179,49.192575550457065,57.51932343634209,65.92215567046323,3.482841791023727
1834.119477915578,16.587795004653582,396.1855562575281,32.57283483892334,41.0468414197065,49.22618424606573,57.560687969677346,65.72276565337181,3.4863246328147506
1708.326325192387,16.19755997858096,393.76590787788837,32.46950306237085,41.143491326526615,49.146743287675285,57.47588296468084,65.90691100615055,3.489810957447565
1964.5600396146347,16.973833777543188,394.72111450186475,32.50210820203508,41.13830394560017,48.96009239053601,57.64233408199001,65.98117734096219,3.4933007684050126
1873.9201078460121,16.706908399250253,394.6842317496464,32.516368144755155,41.061699655544196,49.11604359928978,57.593348038499215,65.84677623182142,3.4967940691734176
1789.6586964863368,16.451659672059368,396.69073816738234,32.605301012061815,41.009739877077436,49.17748807018674,57.59958404314772,66.1582851207447,3.500290863242591
1707.4858978037964,16.19475754870219,404.03050219276537,32.91219372225953,41.26865599257385,49.21629226863445,57.52105609748423,66.12502394462082,3.5037911541058335
1890.8280802508189,16.757394352070875,398.2116883003742,,41.080014996044525,49.357368105059464,57.46937973703772,66.16954353859565,3.507294945259939
1927.5736003279192,16.865900805357246,391.21735891727263,32.3558631252955,41.10388543835859,49.13863848619249,57.690887212329784,66.06725726831418,3.510802240205199
1814.3977141592734,16.527726672047223,404.43983673863767,32.92279337147269,41.12862646683089,49.3435547990866,57.78404090313279,66.24508872365288,3.514313042445404
1773.715283080512,16.402200055445114,401.2475845723152,32.79444989549481,41.163502667902335,49.320965468434814,57.50455670314653,66.1852968396761,3.5178273554878494
1917.3316861068622,16.83572032869624,399.2537877110854,32.70618269972515,41.012715404219165,49.26832004119294,57.6910331855781,66.35955413576835,3.521345182843337
1858.7217821678998,16.66168110134701,394.4186190206427,32.49432344507353,41.041108075100055,49.32942691226144,57.71705605998286,66.40615938489596,3.5248665280261804
1833.180313722754,16.584651729374357,406.43810202436975,33.02070376713612,41.214528275532054,49.467312459763676,57.71583555493164,66.15819335567981,3.5283913945542063
,16.265155750711216,390.24550280451115,,41.17052974762486,,,,3.5319197859487605
,17.01795258548281,398.2092258360315,,40.8187486248073,,,,3.535451705734709
,17.055098753033707,401.6294765296986,,,,,,3.5389871574404435
,16.53464871122618,407.5548305143461,,41.31943539434619,,,,3.542526144597884
,16.539657331120928,402.2646012833458,,41.1829088702987,,,,3.5460686707424816
,16.62545260145226,411.27055970361147,,41.34052577238789,,,,3.549614739413224
,,398.10743502616697,,41.400259603116865,,,,3.553164354152637
,16.68347998489805,401.00830802694134,,41.40508460311676,,,,3.55671751850679
,16.853710406271684,404.0140866794833,,41.64702695520046,,,,3.5602742360252964
,16.571261245228836,407.224545181099,,41.25368386404656,,,,3.5638345102613216
,16.778505390073096,412.51368618942547,,41.427295059450906,,,,3.5673983447715827
,16.54478220855161,404.04061368736404,,41.16091579064019,,,,3.570965743116354
,16.771348362958847,415.5897670881479,,41.31505908251145,,,,3.5745367088594704
,17.407419688386057,408.03744362918104,,41.47300985929704,,,,3.57811124556833
1929.7129430466127,16.871599912902223,,33.301408115865115,41.55373464001862,50.209709189840076,57.9721861882516,66.92223525788475,3.5816893568138983
1826.5071816532432,16.564136256770553,405.28882939284443,32.95558920363475,41.39408118788853,49.81356355533985,58.11117288340623,67.04795886895249,3.5852710461707122
2006.5002101949108,17.093192194374204,409.703532186482,33.14629250019628,41.335298832392255,49.852307505754716,58.15670116632045,66.95133760559932,3.588856317216883
1907.580002815003,16.806874592500165,413.38910586077276,33.29916559589319,41.670743515687676,49.97874097728819,,67.03805243510828,3.5924451735340996
1859.4317925434268,16.663708286335286,404.8965339708096,32.94313535896206,41.20238595827022,49.93369003950027,58.23838562352414,67.21492916057736,3.5960376187076335
1964.9357634313392,16.974364301171637,415.32891284517535,33.397285481353634,41.51993250062596,49.98333334791063,58.268418000043184,67.27044555005831,3.599633656326341
,,,,,,,,3.6032332899826676
,,,,,,,,3.60683652327265
,,,,,,,,3.6104433597959225
,,,,,,,,3.614053803155718
,,,,,,,,3.6176678569588736
,,,,,,,,3.6212855248158324
,,,,,,,,3.624906810340648
,,,,,,,,3.6285317171509885
,,,,,,,,3.6321602488681393
,,,,,,,,3.6357924091170073
,,,,,,,,3.6394282015261243
,,,,,,,,3.6430676297276503
1950.0236570476504,16.930856936719255,412.2360722209371,33.241818672085344,41.90786249759912,50.22356502892599,58.59364705435743,67.63326259343893,3.6467106973573777
1863.1709543196525,16.674135623840396,422.55731781356627,33.69288289830634,41.85533060670407,50.38359459717308,58.807186883225306,67.76259256856147,3.650357408054735
2050.430509818021,17.217464229820017,417.4723363957491,33.473767907535226,41.85865595758634,50.418328418842364,58.685272028351555,,3.6540077654627896
2040.4596490704403,17.189195996545852,422.62020660581675,33.69064742741939,41.74816780975849,50.527614434300794,,67.89091026038506,3.657661773228252
2040.8928964361469,17.19089151479784,427.69157522255705,33.9140523665981,41.90613307399733,50.68078446266386,58.81308578589313,67.80201174066518,3.6613194350014804
2048.5633129869584,17.212607795851603,424.59627146769856,,41.81782072743821,50.52524662727685,59.01675700890267,68.0012665392342,3.6649807544364816
1943.6811550352427,16.91237456796772,428.054912112321,33.928759934045786,41.73841972898558,50.62654498923048,59.14202346802552,,3.668645735190918
2072.8262529746357,17.280107601583858,420.86279005022067,33.605387966125235,41.95146930858036,50.58925815064376,58.99903064333433,67.88164430280253,3.672314380926109
1918.7054693114076,16.839436211287346,423.7219860632451,33.73944564298284,41.82946437973734,50.75217358974289,58.9989031120955,67.97432951593089,3.675986695307035
1964.2615249801177,16.97218463668763,426.32104741776925,33.838778743325356,41.94553147910494,50.61107972996662,59.16025468907855,68.03002996596139,3.679662682002342
2120.5746200646568,17.4127633592357,416.0023966876194,,41.945608199253456,50.772070662903985,59.13619273603887,,3.6833423446843443
1981.3292417944326,17.021527169497833,415.6301551995879,,41.76558949462235,50.77197389966487,59.3384409741143,,3.6870256870290286
2117.356736046267,17.403663580040003,427.0861862961677,,41.7970204595544,50.79745554912368,59.16797088971793,,3.6907127127160573
2013.5654903556162,17.113304536269535,417.7509044643814,,41.701369170800675,50.62364817226271,59.4174656029797,,3.6944034254287734
1981.3085867546502,17.02040472419441,429.2008598688105,,41.94576496212559,50.67001549738604,59.25950780555633,,3.698097828854202
2124.502998601503,17.423249636100056,425.90444659826784,,42.184267733127356,50.90366268599151,59.32292685471921,,3.701795926683056
1962.843611450914,16.968142087069783,429.40631618747767,,42.1959791145362,50.886053642817345,59.468267581037935,,3.7054977226097385
1920.6569944382252,16.844802323812008,432.26159461744675,,41.930218900321854,50.83840984053653,59.4802329238457,,3.709203220332348
2123.8534662564944,17.421433452057983,430.44201173753464,,41.9998174045677,50.846037360420524,59.40179135711264,,3.7129124235526803
2234.083574118666,17.71928066118599,426.75275574450495,,42.23032096188808,50.91362212910328,59.53393113703054,,3.7166253359762327
2054.608700434707,17.229587717607657,431.405800512525,,42.072870692672815,50.885215053583735,59.592540873691995,,3.720341961312209
2170.6416310772697,17.549094391892922,438.5273568457394,,42.06421571770281,51.31935904496296,59.739811468473974,,3.724062303273521
2161.540137399537,17.523905967563053,432.24215257189263,,42.0430883949549,51.06734513704085,,,3.727786365576794
2043.776080201202,17.199061088619175,429.4867127321015,,42.12268806198272,51.03567460686818,59.8250757651614,,3.731514151942371
1954.9765754722464,16.944788583884776,427.480020783422,,42.173542624503625,51.342156273617306,59.794161675786114,,3.735245666094313
1974.8592558461946,17.002247578696046,424.25548836373923,,42.13913813331307,51.131072801108125,59.65550167395031,,3.7389809117604074
2016.3113182567497,17.12034862997691,433.7466361047363,,42.32564267223651,51.14837723876926,60.13250793000514,,3.7427198926721674
2098.3301823776173,17.35082983999517,429.2143322743726,,42.26191667770176,51.19477114545346,59.923203203362505,,3.7464626125648395
2175.847546156638,17.56344500833765,434.7056939085642,34.1930701545194,42.39694492288099,51.21152062752654,59.94085070237807,68.66615606577791,3.750209075177404
1963.0690429087713,16.9684320357855,435.0788316013137,,42.31390046054979,51.26195383588261,60.385706447038885,68.91236666705916,3.7539592842525815
2148.8934651884974,17.489664208207486,427.2493744756868,33.866016499025235,42.336094133913875,51.40923498053516,60.209089216825504,68.77224800956081,3.757713243536834
2114.6344257271403,17.39565359361767,428.5738710624665,33.92265996031903,42.390620809972496,51.357361390300504,,,3.761470956780371
2197.8196338570224,17.621334837903763,426.56891316171937,33.8429580858625,42.46013719915994,51.270320045167004,,,3.765232427737151
2012.7750154223968,17.11081521266762,427.19375116198546,33.853587432748206,42.55142202260546,51.52173531400266,60.40458693828468,,3.7689976601648882
2001.036624963441,,443.8732502621695,34.56592563321845,42.44704676241067,51.32395469302911,60.08854900375962,,3.772766657825053
2022.3704771687194,17.138289485269887,438.9076461909998,,42.393073398169435,51.40508143490883,60.38157860949035,,3.776539424482878
2233.5917615092008,17.717852937327986,434.8120887074789,34.19205035892547,42.59390012168665,51.565535276926326,60.52338052020568,,3.7803159639073605
,17.33779095430135,439.17754939305655,34.37744494391287,42.545747844489725,51.48273100783734,60.56253792063733,,3.784096279871268
2013.2224687663465,17.111921956516987,432.5401152178791,,42.399532756973535,51.51052221288464,60.58640073701171,,3.787880376151139
2067.252824368984,17.264276127907394,445.3555245117354,34.61631384074382,42.655624278813995,51.680393708215746,60.53419184080786,,3.79166825652729
2058.205726045918,17.239128056178956,436.91028579371806,34.268044066983535,42.44866317049477,51.57704871500382,60.7207990390663,,3.795459924783817
2061.7228757043063,17.248831211152883,439.3362132580075,34.36663584109728,42.55051690215599,51.676002056485416,60.64047451946163,,3.799255384708601
2031.008128615038,17.1623954439521,437.19533593227044,34.28226226941749,42.68880662670949,51.532591831300806,60.72993553043832,,3.8030546400933094
2222.2086438509104,17.687318780431394,432.8431690478125,34.10149731969878,42.8004615482671,51.687652299788596,,,3.8068576947334027
2255.835417749672,17.776391192970625,442.6952881336635,34.50871713057294,42.77415882447033,51.6637218821952,60.82844443642941,,3.810664552428136
2314.753322333185,17.92987838693485,438.2768906122027,34.32498527953952,42.36562578239547,51.75790427112434,60.69385145325665,,3.814475216980564
2051.021688608813,17.218931923049038,437.5430264320684,34.293409670735606,42.78514237854006,51.79920915776269,60.90739635949639,,3.8182896921975447
2261.047084858889,17.789733638088475,439.88753335584886,34.39429019204561,42.86839264172635,51.91984984659031,60.79557196407804,,3.822107981889742
2253.4892554398925,17.770151231611532,434.71884990284,34.17891628285446,42.8153620786997,51.90167813877301,61.004833108814005,69.52394103688137,3.8259300898716315
2133.9076899671695,17.449246559898747,439.5867586604867,34.37424742241684,42.956676486257805,51.99931576097127,60.885100281045474,69.72809765751916,3.829756019961503
2177.847879278422,17.567929642342413,436.42434512268875,34.24228369394325,42.86474474487482,51.8154731780584,61.03745816067213,69.81348748522568,3.833585775981464
2249.1063793129356,17.75869201309096,433.8163849124739,34.13378317621492,42.906419882120915,51.821218447127464,61.046031586486,69.64830938210534,3.8374193617574455
2155.906287287171,17.508734448760098,440.2282819684677,34.40995916712932,42.916094880064136,52.05787493336749,61.06869937601966,69.75063070329055,3.8412567811192027
,,,,,,,69.75389800450029,3.8450980379003217
,,,,,,,69.87741451993806,3.848943135938222
,,,,,,,,3.85279207907416
,,,,,,,69.82204080250374,3.856644871153234
,,,,,,,69.94812642533675,3.8605015160243874
,,,,,,,69.99166211552092,3.8643620175404116
,,,,,,,70.06565677978422,3.868226379557952
,,,,,,,69.76407233299663,3.87209460593751
,,,,,,,70.13265376122224,3.8759667005434473
,,,,,,,70.18088497067257,3.8798426672439907
,,,,,,,70.32609225899213,3.8837225099112347
,,,,,,,70.22746186395386,3.887606232421146
,,,,,,,70.25117229472387,3.8914938386535667
,,,,,,,70.28160701327056,3.89538533249222
,,,,,,,70.20270347696786,3.899280717824712
,,,,,,,70.26458391787074,3.903179998542537
,,,,,,,70.52898254536868,3.9070831785410793
,,,,,,,70.48585380283396,3.91099026171962
2351.005835719245,18.024010559168826,457.3026400252119,35.09876756024334,43.35699500120576,52.571761590409096,61.44371028774359,70.52846818718504,3.9149012519813398
2383.2907276773904,18.105590520197726,444.6847485887813,34.57623861732821,43.79797607811692,52.6482018934613,61.762601730990504,70.64042590149914,3.9188161532333208
2299.4939192901124,17.890226119477127,458.54110341049875,35.14134413157689,43.799460103734134,52.67260564948471,62.08040791323453,70.59193722064343,3.922734969386554
2084.626273482508,17.311804789336655,455.3614044607506,,43.67857126166819,52.62099685581301,61.99584586763789,70.6194071546532,3.9266577043559403
2197.727125071386,17.621236174493266,459.74434667884367,35.19787019150001,43.25660946171327,52.56437713556028,61.76341036500143,70.6866153089367,3.930584362060296
,18.16980515810341,450.6705347777094,34.8301209715837,43.68189744347033,52.58871058808007,62.0342197699376,70.85340151167061,3.934514946422356
2354.257328052956,18.031534102353667,459.3593926155579,35.18669064134994,43.623720073778074,52.71017612404259,61.90653120267764,70.68298701693956,3.938449461368778
2217.6639308712174,17.67423706525667,450.3530063180226,34.80938475110987,43.748263281842334,52.65682668926782,62.0858568043733,70.85668807172955,3.942387910830147
2215.0098959118573,17.667317799485712,450.20161413351434,34.80339077442094,,52.7466264633721,61.83051029206895,70.47094762635005,3.946330298740977
2268.312028678571,17.80871146289198,453.6016940448249,34.94504251050268,43.87574927576801,52.71342514633105,62.07851008133991,70.96557808372972,3.9502766290397178
2147.640783661493,17.48549351934482,457.42794407318206,35.08663727002897,43.752749547284445,52.77790615259651,62.06782489140681,70.85284317930434,3.9542269056687576
2161.7930219105797,17.524166269586406,455.2570035826955,35.0116960587938,44.06309788514231,52.799558475941254,61.97122350499268,70.96256512354358,3.9581811325744263
2288.331073311516,17.86107019353977,,35.30265174382038,43.8159147567766,,62.084477684075715,71.04510598976337,3.9621393137070005
2226.769447703408,17.698592002398875,463.21340108183534,35.333140229326915,,52.82688788340592,61.93678373786622,71.00793970165962,3.9661014530207073
2342.4427327490407,18.001105789140443,454.7405807824266,34.986179719712254,43.91232763040157,53.018575692839214,62.20145453331573,,3.970067554473728
,18.14272397309325,467.1667840758687,35.49258076047314,44.2086979001802,52.799765384870035,62.16223027696276,71.23958814482954,3.9740376220282014
2166.839928608277,17.537711341120374,455.75451116657365,35.040655330309676,44.19511458107707,52.921561824912274,62.379571098435775,71.46895666504963,3.9780116596502295
2233.7708183481313,17.717631425072245,456.9682383562139,35.07361002063552,44.21826384554031,52.9956219855873,62.20798849303321,71.31001116493137,3.9819896713098797
2208.3549437671013,17.649215754940276,464.05152043076015,35.3573437350355,44.225271913544915,52.96307494540268,62.278489273303705,71.4661189583439,3.9859716609811895
2221.3133525296566,17.684139981702405,466.76793361668024,35.47270180086118,44.098682483839184,52.97533201673324,62.046436413578206,71.41875637630262,3.9899576326421706
2231.093205955373,17.710440722378078,,35.51154623202026,44.27887591332666,53.05184525325214,62.2752185427579,71.28739540658208,3.9939475902748125
2315.514293380661,17.93171189855777,457.6657995273816,35.10516274145345,44.19147282289726,53.28413528924382,62.29101781742505,71.3974160353995,3.997941537865087
2635.7507908006787,18.725882811363437,468.80988436387486,35.55409534805538,44.26674147272116,53.12124540175974,61.941737632655546,71.38877202436352,4.001939479402952
2320.0697801120214,17.94337859825137,,35.39777848941613,44.32823679519569,52.8728084398624,62.34123841828535,71.48485901772847,4.0059414188823546
2203.6852541447615,17.637425162087013,461.7322307895578,35.2670360889606,44.535596229578,53.111812138265954,62.41006776162456,71.29881056650125,4.009947360301236
2301.9818134345082,17.897917657050744,456.69770368286845,35.05685164138811,44.54041049120703,53.19914739427806,62.09611933911293,71.24933661716685,4.013957307661538
2382.628190273205,18.104383455222973,464.16813586892107,35.36514172369757,44.33058740951091,53.49343672831753,62.37954530131408,71.40866530763405,4.017971264969199
2452.5742235908538,18.280110062566912,458.02191448206656,35.114323342076666,44.62462893386298,53.5778930371988,62.529743578740245,71.707804560919,4.021989236234168
2471.108786284863,18.326017154469458,468.95040748005306,35.5535564173763,44.56912656581004,,62.54166529134609,71.59183010531771,4.026011225470402
2375.4588736637443,18.085641271257096,462.7651235282149,35.29790999195728,44.22343207716369,,62.56603768370053,71.84863817102571,4.030037236695872
2425.9801524699883,18.212934648129576,466.4819801513414,35.44946544525285,44.16463798321391,53.36047213541692,62.24817657334278,71.70212489753659,4.034067273932568
2386.7935884693034,18.11428841206335,470.63762716796225,35.60799225317961,44.64565447088247,,62.34045494457203,71.8433012879315,4.0381013412065
2353.674347458117,18.02989672111923,478.4624895078063,35.92519676475236,,53.39961285272937,61.90609845057225,71.91654515405138,4.042139442547706
2440.732387565216,18.24990612253949,471.43169758459067,35.644594603063595,44.52249938573157,53.52601674464215,,71.78578770950976,4.046181581990253
2220.602264000851,17.68179532042406,473.3142528638618,35.722156797389395,44.647322271865434,53.51128552518557,62.50436783616228,72.01498744343982,4.050227763572243
2232.1378090545113,,467.60638720564435,,,53.57699888695425,62.485497663797496,71.91034357234015,4.054277991335815
2307.8175769317418,,469.84414894189155,,,53.73068461914403,62.67543626457216,71.87458605046915,4.058332269327151
2349.3980566240957,,476.05940464740644,,,53.63459747494202,62.629765866613724,72.17971259146817,4.062390601596478
,,472.6459687788391,,,53.616980955687794,62.580472122970335,72.13535640092455,4.066452992198075
2534.0097004565296,,475.8774757112708,,,,62.675347407800345,72.1914946010048,4.070519445190273
,,465.4496929663146,,,53.6756757410582,62.73040088835986,72.07860234754841,4.0745899646354635
2470.2662857207315,,470.7061526567645,,,53.643747294790714,62.728506087471835,72.02426459709875,4.078664554600099
,,477.7245405583526,,,53.58149644694274,62.74473343891193,72.39849838203762,4.082743219154699
2506.196297164599,,477.849942947999,,,53.73469838594277,62.79815261657603,72.24550113265946,4.086825962373853
2408.823389670162,,476.6341804824777,,,53.815470966909835,62.76645419910554,72.22024605263013,4.090912788336227
2575.5108871843395,,483.09025277148606,,,53.90470495283021,63.10880162688837,72.40288215923302,4.095003701124563
2378.4304369107026,,478.71653034952527,,,53.781120601477696,62.82957445899239,72.33921540104258,4.099098704825687
2447.527459371807,,476.6453606332493,,,53.86504408807618,62.816490621205574,72.27654901433742,4.103197803530513
2444.511191932058,,477.3402284370213,,,54.026247079161045,63.07166513490383,72.44262150544924,4.107301001334044
2460.556114219437,18.29932162287103,469.97292099254133,35.585655873829914,45.07266065517427,53.90510599473945,62.859497576849876,72.51345478807373,4.111408302335377
2320.4521310502614,17.94389756859785,476.4389250025126,35.84396294177869,44.99777117380213,53.79299412255621,,72.39205099978635,4.115519710637712
2325.2691695367885,17.9566826356692,475.80863678592664,35.80765891969091,45.05749818233379,53.97053971804589,62.88851724417391,72.45190413545808,4.11963523034835
2611.243041934852,18.666521649627374,472.32465241471783,35.67164004576656,45.22560343471238,53.97494898639276,63.05857668302509,72.60239302340446,4.123754865578698
2567.0494549738137,,,,,54.14835262518745,,,4.127878620444277
2491.2115340249347,,,,,54.1404487885263,,,4.132006499064722
2578.024547856396,,,,,54.3308010439965,,,4.136138505563786
2455.7240215681422,,,,,54.115994671642795,,,4.14027464406935
2523.623761621189,,,,,54.1920976694959,,,4.1444149187134185
2636.0025838012707,,,,,54.22665365074126,,,4.148559333632131
2504.3169777737353,,,,,54.32963668811869,,,4.152707892965763
2527.3496744809245,,,,,54.40876034255262,,,4.156860600858729
2389.277182809094,,,,,54.19253943674145,,,4.161017461459587
,,,,,54.237814281251744,,,4.165178478921047
2405.8358019690822,,,,,54.367732902763215,,,4.169343657399968
2481.2438493628647,,,,,54.3933896680297,,,4.173513001057367
2672.8719719983346,,,,,54.397628230506676,,,4.177686514058425
2410.6592498961595,,,,,54.62561075397928,,,4.181864200572483
2593.080914871202,,,,,54.49836894450523,,,4.1860460647730555
2564.042148762741,,,,,54.67886237734685,,,4.190232110837829
2643.440486384418,,,,,54.735405779126125,,,4.194422342948666
2604.2198912417502,18.649648152658735,487.42714127765294,36.264823870669865,45.53926756509708,54.526680999315765,63.72023403252843,73.35568190510676,4.198616765291614
2592.794872628685,,484.65923568198036,36.15665313374666,45.590801107731785,54.608041991773696,63.61241790730931,73.36980092175462,4.202815382056906
2668.4805178847146,18.802351398073313,483.0386935156204,36.082564004167075,45.5549056861081,54.68069804147281,,73.30489821380101,4.207018197438963
2409.678828310221,18.17155396090586,479.84212056309764,35.959338368137004,45.587237291396086,54.61820874844241,63.59376025220345,73.5652401007471,4.211225215636402
,18.36250875817519,,,45.713320135501746,54.73933506892853,64.35550758017047,73.80633682854115,4.215436440852038
2435.0719626634614,18.235491981972,494.1895650351459,36.53017549987251,45.72987881380758,54.829916275836474,63.9262088866729,73.37879004195182,4.21965187729289
2622.9514208457726,18.694379393879448,485.3595445147186,36.17584899550131,45.85246784233534,54.74708188261762,63.8577605148145,73.42068781924792,4.223871529170182
2423.898490201461,18.207792016970732,488.2062652376172,36.28095748603232,45.92180151320991,54.77249190802383,64.22826948717164,73.75354135824587,4.2280954006993525
2509.3893225475067,18.42021284749556,497.22256336025623,36.63894520403934,45.76423677305901,54.70780211438974,64.04563663358894,73.70273737884995,4.232323496100052
2629.6294451436984,18.710174012531386,498.59915093164557,36.70727441619287,46.01153391181988,54.71129947075601,64.3437340185466,73.66121931777118,4.236555819596152
2561.4094464663804,18.546536985750624,488.3292424673112,36.29374461030068,45.702240672190214,55.04929692419435,64.16970694958455,73.87483778207539,4.240792375415748
2667.3761402318773,18.80019409313844,499.1901912230022,36.71938418354955,45.943407238305326,54.920429404128065,64.33775479816745,73.63955537687706,4.2450331677911635
2608.585751852914,18.660213819787373,,36.27126690960032,45.9851656937903,54.98056274590391,64.2597275226066,73.76593680992114,4.249278200958955
2596.3641360831866,18.63102735129871,487.2499412422182,36.23848817374142,46.27769483477122,55.063321390309696,64.30326434279283,73.91619699472218,4.253527479159914
,18.297346394765043,492.3496089202028,36.44354007753916,45.81656183142842,,64.33652286568132,73.97693654313241,4.257781006639074
2698.3834229032495,18.8725974646647,490.78685740812466,36.38721430862552,45.9499809542786,55.063130328160995,64.49845166485385,74.06270562494201,4.262038787645713
2511.8650140585673,18.425974847127797,500.6047512773009,36.75790279919427,45.779329763632205,55.099005693985184,64.50760006930162,,4.266300826433358
2617.9423358941585,18.682178767175365,491.6211963223786,36.38884502818549,45.97649916080351,55.02249744959896,64.53411728423924,74.20031092579778,4.270567127259792
2461.411003751354,18.301377872003027,490.70212685553935,36.37585820381846,46.037091622786775,55.1700022454521,64.77433576024232,74.0224471730652,4.274837694387052
2686.4626406981124,18.844449653423652,492.62115975185907,36.46952842323594,45.99777214940776,55.182467653531056,64.82118275077013,74.11816897820056,4.279112532081439
2505.5587920752137,18.409852281076354,505.7306357888335,36.95771788575158,46.27039512347919,55.387577875764066,,74.13056147272424,4.28339164461352
2696.0079587567648,18.86714713901071,503.9392218992171,36.89627542503438,45.965829503901396,55.14381014064568,64.91457046711128,74.06609104851789,4.2876750362581335
2525.893977728843,18.46016016169508,501.11429427296747,36.78351397209471,46.3359796189009,,64.86739846738142,74.22483576251568,4.291962711294391
2509.6724926914203,,507.85608055511335,37.041282336919174,46.16194432468384,55.190573711070726,64.87113950371852,74.47537844937649,4.296254674005685
2721.1582200522375,,491.13547605919524,36.395119035953485,46.143127327112076,55.42523681836645,64.82430199238416,74.34596844526301,4.300550928679691
2677.0651831582613,,503.4139539819096,36.86153436472161,46.01855482301662,55.34141297438902,65.19757473698363,74.27308265815287,4.30485147960837
2568.148170816814,,494.75790840203115,36.524887279556545,46.00421615690732,55.36293675526747,64.94864036190246,74.23917268954314,4.309156331087978
2718.90022575348,,503.3848407956452,36.867741109412776,46.06267891968961,55.561817760123965,65.01498866129646,74.29622389573836,4.313465487419066
2551.382388133607,,500.20591227801674,36.74749546178671,45.900263861401264,55.41906066387881,65.20194015898781,74.37833639739489,4.317778952906485
2464.5161646891247,,501.4131157269979,36.792605945562585,46.298866275783375,55.22281210107055,65.22005362539127,74.52808104660585,4.322096731859391
2439.310674729062,,512.5030317703472,37.22127977736487,46.320239577153515,55.54476202156941,65.05722040512323,74.55626428005054,4.32641882859125
2555.6924369102294,,499.7250052301296,36.71534153468619,46.41137206428253,55.492716607943414,65.23023960690028,74.52444882112657,4.330745247419841
2514.2153035909814,,493.72502264305984,36.48584316541153,46.02768034734637,55.592455059066545,65.35776031890828,74.54164568144441,4.335075992667261
2726.7951149383657,,501.2870211923874,36.78496545110583,46.17924947816937,55.726697980719706,65.43088470287346,74.69837328481202,4.3394110686599285
,18.912728737894014,500.86338894736485,36.76468663662866,46.307906609497756,55.44184967127937,65.40098742895267,74.70652028788064,4.343750479728588
2719.9912546763994,,,37.39954200949137,,,65.37013191165677,,4.348094230208317
,18.708001703694375,,36.882997634161526,,,65.64118442651107,,4.352442324438525
2663.0142173208287,18.789532374672767,,37.20036415167255,,,65.33872026571862,,4.356794766762963
2753.858675853662,19.00162350331458,,37.073038776608826,,,65.72694294704895,,4.361151561529726
2703.7261400440907,18.885063796876537,,37.16930668073502,,,65.53465374451898,,4.365512713091256
2760.682101975997,19.016925264097672,,37.183924855993254,,,65.82854625649956,,4.369878225804348
2695.0815815938117,18.864474481749905,,36.870653330818314,,,65.77275620664999,,4.374248104030152
2692.624082834665,18.85901524327888,,36.87296724955371,,,65.89167455671948,,4.378622352134182
2837.653505384972,19.193209910275637,,37.195979991802666,,,65.7881101110528,,4.3830009744863165
2598.6822423930403,18.635734776655372,,37.2490473235167,,,65.91258086057807,,4.387383975460803
2682.228289581838,18.834432906460098,509.6601856174546,37.09976687669854,46.167099305624696,56.1698621013205,65.8882092724649,75.22515526342846,4.391771359436263
2720.072070522139,18.92303505298171,509.76474498391775,37.118044138844816,46.497781488506256,56.05316028532597,66.01136467923894,75.21160584803074,4.396163130795699
2702.567092239756,18.88225326551175,507.7756470915523,37.01809514289021,46.6469794822247,55.951645370419165,66.14030464493682,75.06403946369961,4.400559293926495
,18.90264536543064,518.9122973034044,37.45167134230534,46.461824743850705,56.042124857110565,65.97553634733153,75.50340512603248,4.404959853220421
2814.6107039334765,19.140627664923706,514.454133369237,37.27548059179255,46.520371828743436,55.9649249442798,65.77761814917842,75.33338530042748,4.409364813073641
2908.182617071922,19.35142831920272,517.9806764354599,37.41691012514519,46.569215853265796,56.17559741045075,66.15153703490819,75.45150058831527,4.413774177886715
2753.859341601794,19.001334320254045,518.8399224783881,37.44707789894535,46.57879294263401,56.18307480109349,66.36740212606279,75.43204842231957,4.418187952064602
2713.5939778629545,18.907762589156857,507.218299967975,36.99444171058257,46.581823625570905,56.171058393662776,66.24541987725274,75.57803209550819,4.422606140016667
,18.597365897820602,515.5520829483868,37.32325985259697,46.3985042679528,,,75.71742274435225,4.427028746156683
,18.754288028089316,507.7623997032983,37.01216032788926,46.53400537308693,,,,4.431455774902839
,19.018669823281748,522.901542341845,37.60022668800246,46.57409886197992,,,75.71933561080067,4.435887230677742
,18.847717213404856,508.7392224619388,37.05763402563871,46.579409164190096,,,75.64163415221654,4.440323117908419
,18.804884888024965,523.6295378702133,37.62170917750439,46.72564267335293,,,75.74604647533326,4.4447634410263275
,18.896786621555158,505.5813143557,,46.656001647504475,,,75.7578772219792,4.449208204467354
,19.035415533932095,522.6260034393904,,46.631208851608456,,,75.5625442152209,4.453657412671821
,19.215387252727812,515.1148974563461,37.30143303544994,46.828661815932236,,,75.67872177907986,4.458111070084493
,,514.1680244293381,37.2674439037389,46.649254830363176,,,75.89464492563306,4.462569181154577
,19.3233239950235,513.6651928096053,37.24089846720134,46.817814362389136,,,75.96128177739345,4.467031750335732
,18.916769573081982,521.7941667724662,37.550211310265745,46.68580833772538,,,75.924854203427,4.471498782086067
,18.772015607056876,518.730328159561,37.43088140735532,46.6976778378825,,,75.89200834659216,4.475970280868153
,19.00600387863874,526.9697146770072,37.75147963356226,46.813161490962045,,,76.16750193125502,4.480446251149021
,19.238667888066065,517.3356820493508,37.38293945421864,46.8791131529195,,,76.21606345688384,4.48492669740017
2794.4064662808473,19.09421975684678,520.8310328103547,37.510024785855734,46.71838469999306,56.65333478205072,66.64819771042123,75.9263769960436,4.4894116240975706
2687.7887745290614,18.847338020828285,516.9345063017392,37.360358604684855,46.78174074495963,56.728123819543434,66.62507236887005,76.01593539718978,4.4939010357216675
2763.671599566584,19.022883153625237,525.4697110462331,,46.73774130772996,56.71730314494947,66.80466202144927,76.11765000723655,4.498394936757389
2895.6982782516043,19.322751621008056,526.1880167557323,37.71912142293265,,56.69302691384559,66.69615991978048,76.08188049314944,4.502893331694146
2948.17508417109,19.4393977434696,531.4930197949043,37.92051354519554,46.80026291664947,56.76160111182381,66.72754038450822,76.13889851741433,4.507396225025841
,19.608387391954718,,,47.410056009141215,,,,4.511903621250866
,19.401472554039664,,,46.84955276143687,,,,4.516415524872117
,19.103265821518036,,,46.89300684152324,,,,4.520931940396989
,,,,46.96164370926363,,,,4.525452872337386
,19.0592247402496,,,46.95015883582487,,,,4.529978325209723
,18.553382369184266,,,46.97094252408481,,,,4.534508303534933
,19.57406848591066,,,46.929301775548105,,,,4.539042811838468
2820.2216278594096,19.152476778860336,530.7681032016089,37.879323750230135,47.068944925074995,56.963102422176185,66.77139960049703,76.26836480316287,4.543581854650306
2841.032617407069,19.199977891823192,529.3335654742863,37.825889874116264,47.18388639063443,57.09308693216833,67.00677258050091,76.69108023785759,4.5481254365049555
3038.0507140913887,19.635490619117526,526.2531322805247,37.7057090804506,46.96768459889541,57.158696271085894,66.95035480661548,76.74099296076224,4.55267356194146
,19.26931522190947,524.9984537554939,37.661887870185744,47.09710228297963,56.99361811123252,66.91171056583875,76.53715703225016,4.557226235503402
2706.4296024388514,18.89091209527719,,37.794401401306615,47.150044120319,57.11295058136789,67.00554399610073,76.87322359723107,4.561783461738905
2971.97879122843,19.491315725356223,538.292272526465,38.15800484585849,47.197020764232455,57.08401973509766,66.89374407379371,76.8245335700469,4.566345245200644
2775.3064576291135,19.05005379153596,533.8592868085298,37.991931529691925,47.300894024731726,57.54937579580989,,76.77266363063917,4.570911590445844
3045.1357430556877,19.650440459263006,534.3088768956566,37.99667442986152,47.110027189600736,57.02970045138067,66.93198102828396,76.51795215377008,4.57548250203629
2990.9939848754448,19.532890515155064,525.00918619546,37.654314574609906,47.217517960137535,57.31969849118272,67.05067425163384,76.90323410881714,4.5800579845383265
2814.8831803367843,,,,,,,,4.584638042522864
2868.450013414053,,,,,,,,4.589222680565387
2832.1414009034393,,,,,,,,4.5938119032459515
3006.892632216504,,,,,,,,4.598405715149197
2923.3218504055053,,,,,,,,4.603004120864346
2848.206756256726,,,,,,,,4.60760712498521
3040.896413275977,,,,,,,,4.612214732110195
2995.1958547094728,,,,,,,,4.6168269468423055
2878.736614271755,19.28467856606434,539.1504081597459,38.193443231265164,,57.36820138330287,67.29867406506251,77.26430042502795,4.621443773789148
2899.898774944734,19.331863840108724,535.6800495403629,38.04705257718646,,57.58841252477292,67.21052868457816,77.34967143878268,4.626065217562936
2863.9979677598503,19.25128298933619,541.5799641926122,38.28244992129853,47.38841721009394,57.43452131219297,67.27412023016763,77.2209387973219,4.630691282780499
2981.8954174438727,19.513487337154256,548.6303580302449,38.53175429509065,47.44293327973088,57.937718654582376,67.4043523627696,77.41595312762543,4.635321974063279
2846.252105393051,19.211600862603888,536.9550630737878,38.09908049474628,47.58602207990265,57.69723325191176,,77.29092340684318,4.639957296037342
2841.3264086582476,19.19999196879839,539.0154619443903,38.18137311647317,47.507765268253856,57.65894310702791,,77.36880627295268,4.644597253333379
3076.75760619058,19.71852813606391,551.2489495936943,38.62995608070147,47.470820700493036,57.62728273100016,,77.54693048154454,4.649241850586712
3065.556311544888,19.69457763225793,539.9592241122522,38.214536831449735,47.72689883256587,57.68617987167418,,77.57002911978466,4.6538910924372985
3044.960687542145,19.650043518123706,540.941750717766,38.247510288020614,47.63661850422739,57.80846761608917,,77.47088979752168,4.658544983529736
2844.4602765071118,19.207584557329316,540.1602525067918,38.21535680376481,47.6443257291607,,,77.57232830398338,4.663203528513265
2979.6761525229526,19.508461658972237,546.3690586682757,38.45140022608713,,57.79454846035536,67.6152459272984,77.76331371043064,4.667866732041778
3049.943960232899,19.660930831118797,546.7702201744921,38.45736447363366,47.71106998975212,57.72452905019069,67.64668827795958,77.7188314820866,4.67253459877382
3171.666832888146,19.919694184945293,536.5382762839417,38.080312385927265,47.72459388600556,57.80427355458356,67.4938871127236,77.66261807788267,4.677207133372593
2999.1283258436893,19.550629135745172,535.9418000498837,38.057229044120085,47.49041569168086,57.83709067986895,67.38481863709255,77.76732823360688,4.681884340505966
2951.0429763942143,19.445056874539457,543.6346480684934,38.33827504552096,47.777476916766624,57.76680714816733,67.45381309103006,77.83222394907379,4.686566224846471
2808.3614281674922,19.125186392364263,544.9806488703479,38.39471085461881,47.76104358459352,57.94548506655336,67.26043527755672,77.73801385543554,4.691252791071317
3017.128611183353,19.58960555293379,540.2171407617809,38.21638853872938,47.85739672716386,58.12320620717402,67.77003267699492,77.66404999515996,4.695944043862388
2969.8250255637017,19.486587904024862,547.6895878545112,38.5047937212226,47.845504144239094,57.97347785811414,67.80123954103259,78.0158339479786,4.700639987906251
2993.7202139242017,19.538127644580676,553.6044635255358,38.71832152469287,47.94880496294377,58.192703175508484,67.83708964861106,77.89550425403174,4.705340627894157
3123.553088131768,19.81795383266545,556.7458822632714,38.82518721997209,48.014111352917396,58.013610189807856,67.64467368731734,78.05298742169553,4.710045968522051
,19.316622872335994,533.8285606430516,37.96760025518686,,58.26454879435121,,78.2040659171314,4.714756014490573
,19.457977285633987,550.2308337728197,38.59055748614301,,58.25760233714078,67.8169632075849,78.1709388691116,4.719470770505063
,19.88493805089902,549.2828116026826,38.54902683291438,,58.2902742242077,67.92387879242577,,4.724190241275568
,19.97608457640889,549.8996085449438,38.57073005645998,,58.28389278502262,67.81475028477983,78.61837572679806,4.728914431516843
,19.757616474862168,552.3769702526116,38.65808744059542,,58.33544750863949,68.14187395476254,78.33242361787485,4.73364334594836
,19.377219926458597,544.0594880179059,38.3498934468932,,58.36462022962861,67.98088630562076,78.31939263643275,4.7383769892943075
,19.957474257030636,542.2215596661608,38.2813356167695,,58.39891374188629,67.98695493870665,78.39224609907421,4.743115366283602
,20.025591087702303,558.6044224342604,38.888344051144294,,58.37984709583258,68.00832725690276,78.33307843377152,4.747858481649885
,19.757280276136328,550.1366042249902,38.579928626641056,,58.39731014922783,68.1694527468753,78.48548888863269,4.752606340131535
,19.504107412096687,560.1303795200853,38.94136449222073,,58.376009869702074,68.0912259659653,78.41150259961947,4.757358946471666
,19.44149187855956,552.3437762500732,38.66243745333023,,58.476870617349974,68.12111645192768,78.62320064663626,4.762116305418138
,19.49762050432361,545.2634665423776,38.3944428230175,,,68.02179558110363,78.43702399712107,4.766878421723556
,19.556451360724832,556.2779181715332,38.79867750685937,,58.32328454307,68.37816419866598,78.62544589999543,4.771645300145279
,19.75361294739439,564.735247817146,,,58.538363216889536,68.39875045565532,78.66983385928108,4.7764169454454235
,19.874203940122918,,38.7985518230516,,58.55866921088232,68.35022366690376,78.75721384200465,4.7811933623908685
3290.750422854569,20.16659909013833,549.6306557179902,38.555863617907086,48.3415822698399,58.6435019576379,68.3930872244232,78.76269619363664,4.785974555753259
3124.64306573193,19.82024353079317,558.0597851610427,38.85734169001776,48.44021185229043,58.54690297739144,68.35580442127903,78.688806028486,4.790760530309012
3223.21080436034,20.02701649703442,551.6814690679752,,48.58160292378687,,,78.77176872654455,4.795551290839321
3192.9729972332743,19.96421359455965,552.6260186365316,38.670744517670016,48.65621181133918,,68.424810601129,78.85266605720717,4.8003468421301605
3190.1401620975766,19.958458014160932,554.3606961407297,38.721036535459355,48.52059307131869,,68.68104655712537,78.87278580756227,4.80514718897229
3130.838998697911,19.83314764021197,556.7231081288644,38.816693193501735,,,68.66352099572157,78.91283125948826,4.809952336161262
3106.579977118046,19.781783304467325,555.3176467184843,38.76379816582616,48.55369767024437,,68.71094529165535,79.06970136589985,4.814762288497423
3285.2550572498035,20.155349278776974,549.7437077270072,38.553030117112044,48.856254844928316,,68.8256295865311,79.01453011963646,4.81957705078592
3050.345811362214,19.66136810712833,559.0534527145627,38.88701811377732,48.74729477461585,,68.97564227412528,79.17148770771757,4.824396627836706
3279.7752765513383,20.143610214793885,559.7215150328724,,48.6807877831784,,69.0343932715684,78.99063127587739,4.829221024464543
3067.356266750967,19.697840164250707,562.9277619618096,39.04275292683146,48.52916536070116,,69.0727249665131,79.07906139799813,4.834050245489007
3208.171962224586,19.995796258375997,562.921429463436,39.0307961947663,48.55797618068909,,68.87664184719002,79.15097117714329,4.838884295734496
2940.3319942511384,19.42114342414986,545.7461143288884,38.4050948711108,49.03207434242267,,69.10922452267789,79.23919584092587,4.8437231800302305
,19.55543075376776,559.6230884127673,38.91288192395018,48.8305215709882,,69.03345153362744,79.14214576490669,4.84856690321026
2969.196921224339,,556.0282046286316,38.776692655835106,48.94432691439222,,69.4110849916818,79.33172850417931,4.85341547011347
3021.234066103054,19.598093764397206,559.987708753686,38.92736727097057,49.12260976321555,,69.36907951952203,79.26938987572225,4.858268885583583
3228.109862173957,20.037087815121062,560.9132013393477,38.955110955864576,48.55439965144327,58.96113480859246,69.29814763699262,79.30703915920897,4.863127154469167
,19.831281766250157,,39.3700275993431,48.82930152614659,58.80655988996333,,79.50778639923017,4.867990281623635
,19.84372124355995,,39.11492385862453,48.92662949842005,59.294654751542076,69.5253055045862,79.46133835313196,4.872858271905259
,19.72599276906702,,39.26291150470709,49.04420153542772,59.26809318820861,,79.38527932994913,4.877731130177164
,20.035258252035256,,39.425383569238875,49.080513639791654,59.15889020922196,69.3474105902942,79.67049686240436,4.882608861307341
,20.06682382404216,,39.022376710317594,49.186433051609896,59.511442259778654,,79.5956208833776,4.887491470168649
,20.199407817367117,,39.174096556467624,49.06130067551136,59.17175366500968,69.64578415276625,79.09958310893319,4.892378961638817
,20.438336402767593,,39.29212899177173,49.246112434728516,59.227622932903955,69.70567451987633,79.67645004830513,4.897271340600456
,20.10760671833165,,39.56263249214048,49.374553098397676,59.35958437307104,69.44685214901585,79.87198586386273,4.902168611941057
,19.737064942301803,,38.976740030484486,49.17937686353854,59.23192580960192,69.7893035252061,79.82069171358665,4.907070780552997
,19.70714487590389,,39.39419482628177,49.33493109662379,59.307295304585026,69.86564364674508,79.75356915396222,4.911977851333551
,20.052335197151503,,39.45617589701095,49.34723260442694,59.582302658520234,69.78152126968335,79.71274259740368,4.916889829184884
,20.287913591277466,,39.44085220346414,49.58905962728462,59.439455797854286,69.85334113625446,79.71599123946132,4.921806719014069
,20.233551345137148,,39.10691948074229,49.162241817628875,59.387242523208634,69.84405800601553,79.88163247720505,4.926728525733083
,20.308226549640207,,39.456147078199656,49.48453406334321,59.56183955626056,69.99551568001432,79.81788275162378,4.931655254258816
,19.681440687373538,,,49.5399088876464,59.63269956161807,69.94670171451399,80.04011428180202,4.936586909513075
,19.99399580779543,,39.29022593959344,49.43918142653929,59.81532713056752,70.03005756204746,80.05912296335863,4.941523496422588
3384.8421246080516,20.35677644290678,568.559022973392,39.230890593091374,49.5479487013191,59.688677878118924,,80.15292976098266,4.94646501991901
3120.561147810716,19.811112214108704,573.0531469247012,39.39222448521448,49.33136089889404,59.76961102076063,70.30774192490716,80.12376967845083,4.951411484938929
3312.9194825064324,20.21175537205678,578.2523051328001,39.58721591702293,49.50569843129467,59.65316452724568,70.0926651256032,80.09186861864885,4.956362896423868
3143.7173527368373,19.86003715795874,565.2383717578992,39.116469925472046,49.85751959814098,59.714826596763594,70.4414630833135,80.02568944877734,4.961319259320292
3335.6915133865436,20.25789316516845,583.1764137972629,39.76396584897364,49.54207547612939,59.827038767675475,70.45827174907474,80.14354288146058,4.966280578579612
3373.0431444282626,20.333467588477152,578.0476806853278,39.572354534515,49.61170870376826,59.960559167074564,70.34139591192881,80.32135421460106,4.9712468591581915
3282.8536717691927,20.149949300024574,583.4867810406372,39.76508098270263,49.827920911445865,59.73828129368636,70.43878437145341,80.29573415674977,4.97621810601735
3380.334188797725,20.34816622817982,580.1133597604072,39.649433859068196,49.58310837601941,59.76651504965887,70.63169730916962,80.27329778779263,4.981194324123367
3120.6785247992198,19.811246738816497,580.4522791678567,39.652561890669794,50.11150243331258,59.96798863157278,70.72407533388953,80.2960994519133,4.98617551844749
3345.6170095272328,20.27778073203137,583.3045456968238,39.76398298348158,49.834186108386966,59.94363428186831,70.59200002876958,80.17123495561668,4.991161693965937
,19.84757438846907,578.3233026186587,39.5816904143968,49.93135332698639,59.709903785888955,70.40971358443406,80.4473659328406,4.996152855659903
3356.10759330387,20.29899087939728,590.7899604376773,40.028506453178274,49.99603012681169,60.085786259296896,70.68983202076838,80.4832150875389,5.001149008515563
3383.869310860653,,583.5144592936266,39.772079487665096,,60.08850132658645,70.58416897900354,80.63002775292358,5.006150157524079
3281.0424265820807,20.145842829270716,,39.60387127077174,49.95863550341924,60.00769230211721,70.72226952404085,80.65742114394766,5.011156307681603
3214.360376251796,20.008252329233752,581.5027685339612,39.69322970962806,49.877748772022485,60.109818339927784,70.71695419407914,80.62232619812002,5.016167463989284
3242.6759556135116,20.067151419330504,587.4237971169166,39.89715620749605,50.03613667471313,60.17278424012282,70.77973970685855,80.72865371815024,5.0211836314532725
3235.7778959342127,20.053081980900306,585.8005731557639,39.84865710404444,50.05976269320308,60.06196221977236,70.75703884749207,80.56969543392603,5.026204815084726
3211.571520849227,20.002700537625955,,39.599826393973196,50.12635709884733,60.14191012659251,,80.6612384105918,5.031231019899811
3548.500080749933,20.681617002845872,,,50.11576710989116,60.16566789377248,70.90553710237755,80.64023588131323,5.036262250919711
3223.7698061534124,20.0277323412401,,40.05934851142673,50.237423785564346,60.31273135865546,,80.7447300567208,5.04129851317063
3346.3797631262187,20.279203200628036,,40.201484547031505,50.06486752416971,59.9542800546374,70.96372281090807,,5.0463398116838
3183.859542803318,19.944736530238043,,39.80090916927674,50.26258841397607,60.28180201830563,70.98217382489503,,5.051386151495484
,20.332885315991632,,39.566146893621834,50.332961660476606,60.32491313731394,70.73605162023796,80.97442284871988,5.056437537646979
3354.7354609103463,20.296078919048014,,39.80993402808127,50.46230510983492,60.06154686695821,71.09355925432071,81.03642838166516,5.061493975184626
3258.9662569319225,,,40.13411402896847,50.41186036928059,60.317754199959374,71.23947574357065,81.14225358888892,5.066555469159811
3454.379226749717,20.4955411553738,,39.932282696395056,50.213106793233095,60.384120381909966,70.94932602580879,81.12814458045442,5.0716220246289705
3284.545149454516,20.153888320143412,,40.21462875344474,50.299753011792454,60.49078019207618,70.96704638426193,,5.0766936466536
3428.5847089411936,20.444821323632883,,40.266824207105735,50.316119861607575,60.44182442427458,71.14890110703138,81.1505087375381,5.081770340300253
3369.1854283075845,20.325271142387948,577.401681103321,39.54037632677836,50.49305256522098,60.52862989018219,70.94642947078354,81.04817713052357,5.086852110640553
3417.4542694820598,20.422339437795717,595.6823603844634,40.19690232590823,50.567154397573404,60.46104013525212,,81.49389472302923,5.091938962751193
3292.288605195543,20.168962979874834,590.5183760496619,40.01488896518408,50.60965191888966,60.54140211169861,71.22825740440526,81.2240172680027,5.097030901713945
3450.9966103053343,20.48892813523535,587.0196731207703,39.878590885082914,50.276491705595355,60.695094989967,71.30741502920104,81.23011808129715,5.102127932615659
3474.929943092531,20.53518066850636,587.736563602776,39.909933521951494,50.82932883299432,60.54416456435807,71.36477321738379,81.53487793685224,5.107230060548274
3389.0739759336507,20.366803941287515,584.190241920162,,50.61202288523132,60.733550323587046,71.3958908355389,81.39071240857601,5.1123372906088225
3164.6987784149537,19.903911910518076,590.9911844438818,40.026268860149465,50.62937027795787,,71.24675444128903,81.4252505986619,5.117449627899431
3249.5372955897683,20.08074647930576,597.4123489531919,40.24897387729913,50.62784484476781,60.791299591787414,71.51144252433305,81.83604744092813,5.12256707752733
3334.046624386325,20.253747949783104,592.6298922340727,40.0792929764035,,60.71875983621529,71.56955892786883,81.5311781565771,5.127689644604858
3413.128713924963,20.413805927335495,587.194573521659,39.8857635982881,50.509815834011704,60.74931221836068,71.61351640788959,81.53660177953135,5.132817334249462
3248.3867666787555,20.078879090243618,599.2663137008494,40.310996791690314,50.675004327368484,60.68029272467579,71.48279386334534,81.66652882195942,5.137950151583711
3442.0770955639096,20.471343104767033,594.6945013046666,40.156197948032144,50.511216445931346,60.68559891044453,71.34403639364369,81.66750291103062,5.1430881017352945
,20.595948180832778,595.1387314297525,40.172097530740466,50.74867377350255,61.010357911515186,71.44353281265768,81.84802063817644,5.14823118983703
3263.8114431018466,20.1105435665054,598.6878368622564,40.28794269975504,50.78185887605746,,71.50497420104227,81.71953182667201,5.153379421026867
3361.3370132322348,20.30888033786053,598.6031152110653,40.292960413430954,50.73343649360634,60.71915100119557,71.67592960227228,81.51116039474613,5.158532800447894
3326.1368576305495,20.23759776576538,597.2359618699793,40.2425791118816,50.7287616597192,60.843037488796064,71.52471714565567,82.01779662717435,5.163691333248342
3320.3039885091166,20.226218481702592,,40.033815402346384,50.74862675124408,60.9845433305886,71.53018638145484,,5.16885502458159
3290.138236394274,20.164646644805956,,40.27222072684411,50.79825418644534,61.10866014822757,71.50412652621841,,5.174023879606171
3337.999227931839,20.261904897385982,,40.65941041670001,50.94279364654084,60.75693496819282,71.52953554470011,,5.179197903485777
3564.537199255054,20.71215801381778,,40.23273649855506,50.740687025563375,,71.57655508861518,,5.184377101389263
3307.1503442414096,20.19923587360094,,40.26693905111431,50.7787822803562,61.125696714900585,71.67128414302401,,5.189561478490652
3431.4876969721095,20.449939561908018,,40.48732895624393,,61.1696086296466,71.63896000522351,,5.194751039969142
3568.352415855511,20.71925797558177,,,50.57296580899079,61.17367129844102,71.85346138987767,,5.199945791009111
,20.666753444672914,,40.045321575655635,50.88059192459188,60.959708593239654,71.72246420025535,,5.20514573680012
3520.232849779454,20.625419666670133,608.2650375920219,40.63397929817961,51.05601775499154,61.1313295072248,71.87768216202916,82.13640012660126,5.21035088253692
3519.0564904827847,20.623066923479247,592.7734541836787,40.07854714790615,50.9610604563095,61.275392400162126,71.80455619929928,82.2053871834625,5.215561233419457
3505.399022516034,20.596451426351123,590.2117538808068,39.98196000273986,51.20032497489829,61.185692023787,71.72595816621721,82.251626684203,5.220776794652877
3380.9865838202163,20.348755409911735,609.189984714223,40.66178913374463,51.13686653457399,61.39399183838223,71.79985587414777,82.4022678884548,5.22599757144753
3536.8208655953044,20.657639176886263,605.7242495326706,40.53718979906,51.04593016845724,61.34149264868856,71.83703353744842,82.31304143136359,5.231223569018977
3666.012931918904,20.906821518656322,601.9714237800731,40.4114206852986,51.128214673693364,61.47432729228394,71.82377929977949,82.38188669466285,5.236454792587995
3413.394455224007,20.413760454086926,611.8104441143187,40.753507559239175,51.13971497844258,61.30239008740111,71.89948758843326,82.42475029244383,5.241691247380583
3609.862011832368,20.799228036840493,598.6629280271302,40.29029908395652,50.93414845241782,61.41197288390295,71.89610615463977,,5.246932938627963
3518.5476424205253,20.62222792435288,,,51.11084371312176,,71.93953046589812,,5.252179871566591
3517.647297080583,20.620226367643507,,,51.22813374281123,,71.82029207852081,,5.257432051438157
3505.517774229964,20.59622659257936,,,51.0744252583064,,71.9866559931862,,5.262689483489595
3240.43831791815,20.061816082965958,,,51.16566904074395,,71.70291803974565,,5.267952172973084
3531.0185940203623,20.646111009470328,,,51.27717665829181,,71.64621800668066,,5.273220125146057
3439.425610129817,20.46562666297703,,,51.29295712711761,,72.02791333027427,,5.278493345271203
3451.688846797264,20.489981448774092,,,51.31446774488201,,71.86232534171212,,5.283771838616474
3631.202666477834,20.840404718448376,,,51.308363992966164,,72.0332223119749,,5.28905561045509
3426.569743552119,20.44034915857294,,,51.30292486029503,,72.1122642881165,,5.2943446660655455
3661.261795968765,20.898132172526303,,,51.34783011869676,,72.1294845712773,,5.299639010731611
3570.1337517733436,20.722491673935515,606.6122499000843,40.56319643301224,51.48182529521702,61.906974442691336,72.11485044897938,82.92941563184887,5.3049386497423425
3439.153741740104,20.464825209305868,,40.8974391935503,51.290403335814595,61.75388343916845,72.13037051977777,82.82300563152398,5.310243588392085
,20.785266356941978,,40.98410695553138,51.43690363662636,61.767868774483226,72.17506392156508,83.03475860681237,5.315553831980477
3711.925952191266,20.99383576921941,616.1320566038745,40.89490358717813,51.35631506257958,61.893420637647466,72.44954702662672,82.96569228630783,5.320869385812458
3434.2572262914687,20.455260033518325,,41.11245163487551,51.4909106957505,61.93176762275779,72.46539490910139,83.20868887778816,5.32619025519827
3571.592943735632,20.725110378306205,613.0563657084328,40.77805439966831,51.42802535478346,61.835850242237356,72.21356693764547,,5.3315164454534685
3473.378002336105,20.53255415624857,613.695379977092,40.80144275187902,51.28093435196313,61.71611216254221,72.41503216962423,82.99749766093954,5.336847961898922
3539.0245604849465,20.661931709886122,616.7976676841464,40.91302341921107,51.3976467888411,61.904881750621634,72.27509597248486,83.25919196581171,5.342184809860821
3620.5829181288727,20.81984902348176,607.8436609325336,40.60916086620467,51.516068079859316,62.03709451498093,72.56481376993796,83.0983764583693,5.347526994670681
3858.152403122641,21.26676559909862,625.7174925118082,41.222018936559955,51.49670473206112,62.105746525042356,72.23080746083942,83.2255882801772,5.352874521665352
3627.7270490052274,20.833336150071943,629.7272653883336,41.366396177691094,51.53446304496455,62.09734851506148,72.22054666279972,83.17609127028874,5.358227396187017
3708.6621900097075,20.987845584739595,607.2191813270241,40.580866611914935,51.36404748301781,62.23706089455066,72.58094490452633,83.36093061904484,5.363585623583203
3406.292745323779,20.399815734467573,,41.373779757563156,51.50034100163425,62.26503024765555,72.59463129997475,83.43447638562546,5.368949209206787
3635.8314813380107,20.849072040331336,613.747046551628,40.80963659630952,51.37624250654619,62.23243557962953,72.52406999593948,83.36317359732762,5.374318158415993
,20.92780385334282,617.107088974052,40.92836984915161,,62.31867948167523,72.56564487864736,83.43507839068238,5.379692476574409
3437.3575202426155,20.46106112613584,621.6606374994819,41.08083258214801,51.613297383188645,,72.83644422532517,83.5640900889242,5.385072169050983
3639.8375370703247,20.85662835851162,607.5402521026226,40.594700611926676,51.716233312297504,62.24015677292013,72.75207149075251,83.6166727373976,5.390457241220034
3642.0747944531877,20.860932462069098,624.315247766416,41.17482423211812,51.92907459286296,62.3411013995482,73.0204995585433,83.64486402968315,5.395847698461254
4021.9480960121764,21.564339425011852,,41.14785593515561,51.45345015893145,62.26614613961225,72.74592687555794,83.5278516584134,5.401243546159715
3752.868387255768,21.07089050062242,608.6765381176416,,51.580275441980554,62.367541638194226,72.89481574659966,83.68298568273323,5.406644789705874
,,,41.2051529259613,,,,,5.41205143449558
,,,40.98240811687992,,,,,5.417463485930075
,,,41.072434672052296,,,,,5.4228809494160055
,,,41.414037352003206,,,,,5.428303830365421
,,,41.23860205175411,,,,,5.433732134195787
,,,40.994891292732696,,,,,5.439165866329983
,,,41.22997273905154,,,,,5.444605032196312
,,,41.52767669935867,,,,,5.450049637228509
,,,41.394223897687,,,,,5.455499686865737
,,,41.0799006547542,,,,,5.460955186552603
,,,41.16707563052352,,,,,5.466416141739155
,,,41.54226252928972,,,,,5.471882557880894
,,,,,,,,5.477354440438775
,,,,,,,,5.482831794879214
,,,,,,,,5.488314626674093
,,,,,62.85482966743674,,,5.493802941300767
,,,,,62.89745078032337,,,5.499296744242067
,,,,,,,,5.504796040986309
,,,,,62.96826372397042,,,5.5103008370272955
,,,,,62.91802088578489,,,5.515811137864323
3843.1128558672285,21.238919229568385,633.6982607753141,41.48596601347984,52.012168816520514,62.959858652699246,73.78965907148226,84.46762529620742,5.521326949002187
3780.9181772941124,21.123753691475674,631.6178552960272,41.42120317550982,52.01092222230033,63.02072370396646,74.06902486434572,84.53219645912972,5.526848275951189
3800.9046020281735,21.160807478520187,631.817819146834,41.422828602168515,52.26062215814135,63.114780782227854,73.83788557527964,84.54839759838484,5.532375124227141
3817.337122863583,21.19113178055193,646.4309399320242,41.9240297537211,52.1691329917408,63.13033228389444,73.96751837375032,84.36560735214094,5.537907499351368
,21.01796237583765,638.0253780748757,41.63566866911492,51.91264090589977,63.262210764206934,74.05855658298081,84.81861167136815,5.5434454068507195
3727.5653145173255,,636.4190645277027,41.58415800342562,52.014388399366,63.15710810037753,74.0971742388938,84.87493529272152,5.54898885225757
3766.239964284787,21.095658779237827,642.400500489722,41.78784192983707,52.25725675319015,63.35363336785282,74.31903233890682,84.53532787639068,5.554537841109827
,20.882510968522055,633.905521760881,41.488913911312174,52.13365673536039,63.23793303849243,74.20213375010998,84.70686578315733,5.560092378950936
3718.9230556988614,21.0071171274124,635.242453433849,41.54208145858225,52.04079669967064,63.29144179859103,74.53363064970816,84.73319776628958,5.565652471329887
3905.6135042207775,21.35374879866247,639.3536480911253,41.69111248441367,52.0985562808644,63.42910911877526,74.36869283219744,84.8228086135228,5.571218123801217
3572.3013315717276,20.726132115893385,636.725071404121,41.58927794706968,52.262937114189626,63.29349716490804,74.67146664962357,84.84134603963052,5.576789341925019
3852.6058183228374,21.25660409322371,645.0034829189019,41.87468324299539,52.191977017394024,63.23218026819453,74.56067448860759,84.9502645346452,5.5823661312669435
3527.1691493395474,20.63842338944093,655.989063190476,42.252400970385075,52.26140611187275,63.25306703567483,74.61054324902403,84.98548861641818,5.5879484973982105
3613.5755277400413,20.805762067997478,627.8533583276172,41.29017337983329,52.032919191360115,63.46717946798713,74.47668050436373,85.05287325442885,5.593536445895609
3946.6529874159146,21.42827844731297,639.5808638942844,41.68590327464206,52.21099918075562,63.51760302059774,74.11113627022479,85.06053471469887,5.599129982341504
3935.6245184247455,,641.8804505153125,41.749207118792825,52.39320279838182,63.621020829526195,74.60007361937647,,5.604729112323845
3787.056608935334,21.134287460899962,634.5802235099131,41.514522403792604,52.11044968552964,63.28930206772612,74.76908466112344,,5.6103338414361685
3734.4472036544757,21.036325829989387,653.9905814788323,42.18385363603965,52.4101707837368,63.629750644003344,74.57110396761765,85.33929628541725,5.615944175277605
3686.6313180711895,20.945605570950974,647.8934729038863,41.968107201349085,52.59836889884023,63.74520858325179,74.84566686333862,85.30938253794626,5.621560119452882
3812.113955665197,21.181531679151362,646.0570240060034,41.89998263853388,52.296896278445715,63.67802222119564,75.04887341521028,85.24775661792106,5.627181679572335
,20.96347484077599,644.7814180736426,41.86421054590084,52.527444843933985,63.64542346756072,74.88659577435976,85.33558080158328,5.632808861251907
3779.114778735745,21.12006047634611,636.8294808374212,41.58667812099857,52.36613032036277,63.63195873124248,74.99295023701738,85.43524475831468,5.638441670113159
3828.132279580602,21.21122289436621,653.9015879472007,42.16891566985318,52.37140129159125,63.69442176038636,75.00258112344702,85.40613375252735,5.644080111783272
3834.848658871939,21.22343226811937,651.7875586862756,42.09942069395809,52.299133758982435,63.881792098443896,74.97596583754617,85.30833432086847,5.649724191895055
4040.7490234618535,21.597795731512107,641.7811097861876,41.75535262338448,52.53077198793628,63.87288188009246,75.28910667098843,85.57947646102355,5.65537391608695
3981.958566908929,21.491903929801094,646.9534278951538,41.93718774961976,52.536658087336015,63.78725221663609,75.11252216531183,85.52748683051927,5.661029290003037
3851.6391726815677,21.25449084649738,661.0050515042706,42.414950144602194,52.644741186301665,63.95083015377777,75.18574548743767,85.4781948017729,5.66669031929304
3765.1919432645686,21.09362597185426,657.0725070434063,42.27493831965609,52.62271967947182,63.8168861554391,75.13946551713107,85.55923097399965,5.672357009612333
,21.453078841968658,653.631428282102,42.157649276962914,52.71910947108224,63.889264441337595,75.35454682693926,85.74513649261274,5.678029366621945
,20.707992587546446,659.6777675482886,42.36235046528114,52.81899703799269,63.94553445855598,75.4646968859265,85.58078891619753,5.6837073959885664
,21.638693427404515,648.5927598740096,41.98798618173621,52.637841578471985,63.9439195979346,75.21544855687169,85.90318336082026,5.689391103384555
,21.507697749109493,655.161220849261,42.20576962753492,52.50883360695663,63.99411280828442,75.46737199613571,85.92526206244926,5.695080494487939
,21.42655215396259,650.2879157011321,42.032911068974016,52.764313589831374,64.0467771020497,75.28113291455581,85.87258209369305,5.700775574982427
,20.94081904467584,,42.58683087327919,52.76744766554497,64.0179159175148,75.31040826118961,85.85242293152398,5.706476350557409
,21.39443388061381,650.5732002331854,,52.741450527050574,64.01865061667459,75.48730746086568,,5.712182826907966
3688.6412923832972,20.949053027120193,660.3673180323941,42.39311700239497,52.6887589153635,64.00817849567538,75.50043048962334,85.8545930916806,5.717895009734874
3786.94989371088,21.134729049386202,,42.067436349275084,52.68103163699616,64.06400428791846,75.4709439402333,85.97669369046865,5.723612904744608
3756.0407289483956,21.07676091445468,666.4708614444287,42.59235966916527,52.90527494429117,64.35318717555113,75.51108603052704,85.98135308793859,5.729336517649353
3945.6597755338357,21.426025517151405,658.6341601837494,42.323226496909285,52.99824656908345,64.26779224084919,75.63796844289828,,5.735065854167002
3732.588398122192,21.032890429007296,653.3152840465103,42.147410428018006,53.06286533080114,64.21073715054405,75.6707369237302,86.15734964964706,5.740800920021169
3844.2376740818604,21.240377886867943,669.8735285437265,42.703418093755054,52.916743105922286,64.33273341622649,75.57907500165135,86.12261182021987,5.74654172094119
3763.0040105801722,21.08956720967324,667.1370623496034,42.615925432258564,52.986405958471394,64.4202952449045,75.85719012192136,86.22330318297739,5.752288262662131
4030.945770506861,21.580151969424712,662.6995614604382,42.464649512988096,52.99003320515345,64.29929327446182,75.9547361035597,86.22833595946598,5.758040550924793
3920.4109904492575,21.380371996088464,660.4432072559098,42.376771489221944,53.46634039258506,64.3304101187999,75.87823967260857,86.1741393927572,5.763798591475718
3837.497747313296,21.22807616054305,661.8949793244675,42.44290383050046,53.32463466139721,64.38158944347883,75.79925222232896,86.49800475727469,5.769562390067193
,,,,,,,,5.77533195245726
,,,,,,,,5.7811072844097176
,,,,,,,,5.786888391694127
,,,,,,,,5.792675280085821
,,,,,,,,5.798467955365907
,,,,,,,,5.804266423321272
,,,,,,,,5.8100706897445935
,,,,,,,,5.815880760434338
,,,,,,,,5.821696641194772
3781.7325192553085,21.12456553044363,662.8216807446005,42.45982801871674,53.36694980522597,64.74898946890428,76.0975440233998,86.72444605289516,5.827518337835967
3861.4078539614384,21.272491740520696,672.2065912337085,42.77309702248266,53.210077626667605,64.8738589960969,76.05215495517054,86.69778983488868,5.8333458561738025
3829.8687280884037,21.214458377828983,657.2009742971427,42.27387610408582,53.726262552258206,64.99740854074209,76.18733108519751,86.57537576211894,5.839179202029976
3812.2489164442945,21.181317849719598,671.2008266356422,42.73850927079976,53.47052428047905,65.09143701060462,76.05160345659638,86.71094776360749,5.8450183812320065
3917.6178698271237,21.374621201275264,666.4932844687177,42.58218122411066,53.651110896226946,64.9013718861803,76.05611084459365,86.73049512466163,5.850863399613238
4138.44731439408,21.770851614443266,672.6868997985698,42.78839318079078,53.67323329519041,64.82539595891565,76.11215003201765,86.93609304918071,5.856714263012851
3966.7754484755283,21.464533242433046,676.5457002616315,42.92039812824322,53.66146975611376,65.10607956521758,76.03624117734681,86.88190307682713,5.862570977275864
3895.0422051011456,21.334162532279446,666.121752498178,42.57490455089138,53.56176344717847,65.1133791917622,76.18476115598614,86.87109145537681,5.868433548253139
,21.68759909623375,,42.54158440692589,53.68278998596771,64.79067673632466,,,5.874301981801392
,21.55300417541508,,42.8439652038131,54.15802484654134,65.13347195461021,,,5.880176283783193
,21.370834106751055,,42.796125901076515,53.76843394579149,65.09313979123574,,,5.886056460066976
,21.830071815177053,,,53.64748781419625,65.14425431764796,,,5.891942516527043
,21.219966414783492,,42.68354947413805,53.7521369854184,65.28050916933886,,,5.89783445904357
,21.938898963368413,,42.79493766178199,53.781451638377824,65.00603541352822,,,5.903732293502613
,21.45779536525674,,43.036862814913135,53.702013660104015,,,,5.909636025796115
,21.61840462223268,,43.072781801778106,53.82508236348582,65.24102502992865,,,5.915545661821911
,21.852694475396625,,43.29224336617397,53.90157563978734,65.0884466874162,,,5.921461207483732
,21.588465713066576,,42.84265118562205,54.21637035086746,65.41583383847578,,,5.927382668691216
,22.02545172177672,,43.25770786613292,54.27558803371481,65.54544609290714,,,5.933310051359907
,21.406414759593943,,42.93278969662266,54.06916151387487,65.34229602259136,,,5.9392433614112665
,21.3629414727847,,42.90712950493819,54.02011166418941,65.18060712774393,,,5.945182604772677
,21.448180819122737,,,54.36162897245257,65.31742325206632,,,5.95112778737745
,21.930279813726,,43.17454307666418,54.088090507856236,65.51514354257289,,,5.957078915164828
4196.245385264945,21.871636377740995,679.6190053058687,43.012358543916825,,65.66635115247487,,87.82286622627596,5.963035994079992
3893.6348566295783,21.331140759345896,687.344117600902,43.27794069707462,53.98488609999152,65.74226813149028,76.57493064585395,87.5059005066759,5.968999030074072
4216.236233626272,21.90626259301644,678.5050979469746,42.981056027881685,54.29434382871357,65.65057916672501,76.49081393301832,87.84574553272813,5.974968029104146
4023.2455606283443,21.56584904580809,681.8981481955361,43.08857693923607,54.21057884947923,65.59539360437235,76.55744186034306,87.67632790938468,5.98094299713325
,,684.3453862002889,,54.40374230528074,65.67251124010505,,87.67575107474694,5.986923940130383
,,675.1716271334191,,54.536693905518256,65.77334392340485,,87.76847637759231,5.992910864070513
,,677.0275364477116,,54.33147230695668,65.65869769555388,,87.99286515966482,5.9989037749345835
,,690.1378876682658,,54.58292496394886,65.75672419831086,,87.98371410794864,6.004902678709517
,,676.7728748255204,,54.39360752897543,65.84736609783812,,88.10309188866187,6.010907581388227
,,696.8766643762588,,54.4599814887521,65.68209310216103,,88.10185603282726,6.016918488969615
,,689.8414976686669,,54.67861900466254,65.50346887611269,,88.15893678146433,6.022935407458584
,,679.2159430041052,,54.473527009825126,65.73904758968642,,88.123503899532,6.0289583428660425
,,689.3015636541646,,54.776532946083115,65.8959869886268,,87.88746218014725,6.034987301208909
,,691.1027265795958,,54.748158541495634,65.84123399230083,,88.15972202648605,6.041022288510117
,,689.557931879342,,54.54225431138453,65.73458693518721,,88.29234210808289,6.047063310798627
,,678.6823056308878,,54.66561646822996,,,88.24201925722745,6.053110374109425
,,696.2427054549029,,54.830909970195464,,,88.34181156534231,6.059163484483535
,,,,54.733825446523895,66.03613041298827,,88.36329286035692,6.065222647968018
,,688.5614534154524,,54.71838013568198,66.14666313506027,,88.25107141148882,6.071287870615986
,,695.1124465005336,,55.019828092737605,66.08740467147383,,88.66274723931038,6.077359158486602
,,683.4925668314095,,54.87546565188135,66.04055943084575,,88.50254074395903,6.083436517645088
,,,,55.09999614369377,66.26375576752585,,,6.089519954162733
,,689.9445732145545,,54.936997603587734,66.19155838282877,,88.52538772019484,6.095609474116896
4021.2951692315432,21.562305985548086,703.9681114768823,43.80532983650202,54.88447482357567,,77.36597327799561,88.47859653263707,6.101705083591012
4153.636630911398,21.797093628780623,,43.518542477433805,54.820864193119355,66.31334423401923,77.13123033550053,88.71469429124176,6.107806788674603
4154.1136240369315,21.797471483542942,698.6633942158912,43.63216129090863,55.02085243900301,66.33637733312183,77.32016862803626,88.70641726184027,6.113914595463277
4151.015559468656,21.792331965193554,704.7022415215054,43.83039098419849,55.01193535195816,66.23648035358319,77.29261084219293,88.54299725288159,6.120028510058741
3982.6998566239886,21.492969866675832,,43.387084828861454,55.12835511091898,66.26356407575999,77.26203405524457,88.77754804379227,6.126148538568799
4129.081108683104,21.753597710355645,699.4055321858452,43.65134919330753,55.21322341922804,66.39452511933443,77.51733457759211,88.7751931218755,6.132274687107367
4449.383722291364,22.303850028890093,697.438137756771,,54.993084377515956,66.32015086189098,77.23196865649324,88.94473171054294,6.138406961794474
4066.431930928795,21.643027854257046,,43.865115527269054,55.46044262066828,66.45636624470085,77.64843011282932,89.03054614011212,6.144545368756268
4027.5442539851642,21.57331860566025,692.6217948973523,43.43133750198496,55.33982426418501,66.34996642123939,77.53132517490756,89.01240205224506,6.150689914125024
4246.370403885356,21.95864829744396,690.7084270061652,43.361738743278735,55.11352204776321,66.52107772562624,77.47017863141154,88.96128343142188,6.156840604039149
4240.944385992736,21.948962866773794,701.2257635081473,43.706315252055,55.11526483303713,66.55090812378688,77.6419670524377,88.99052623155464,6.162997444643188
4343.437566343466,22.12481931171747,696.1866594550931,43.533926545159616,55.29280932031525,66.60585334248806,77.6969463530947,89.04039360324131,6.169160442087831
4066.916103295237,21.643586200974454,695.2307282811367,43.517982596508126,55.51829269159186,66.6862770057708,77.75696823299567,88.99216750566384,6.175329602529919
4374.057425411272,22.177121116286788,697.8206141890283,43.60241808246087,55.451457740716094,66.67666853178932,77.66626092009908,89.07145442083842,6.181504932132449
4190.260086875682,21.860885286082052,710.0853193568577,44.002436830570254,55.59070085401232,66.64633868491251,,88.9309157070313,6.187686437064581
4215.920779369919,21.90570844743399,699.7030051017165,43.661512066432635,55.544199169682805,66.68220329969203,77.97538031681941,89.32116941081647,6.1938741235016455
4224.971737985694,21.92150679833924,702.573857567953,43.750915360177906,55.47351539560535,66.74094828590444,77.91205043555715,89.4643214996746,6.200067997625147
4120.816792647528,21.739303394419462,709.6879669011726,,55.64200937682381,66.58142784101332,78.07383376111828,89.32360268965373,6.206268065622772
4175.338551064334,21.83480049498456,705.7434567919413,43.85416929828586,55.53636930426353,66.90288260178592,77.96682702842075,89.4430974208525,6.2124743336883945
4031.606135975902,21.58054229544368,693.0106799119576,43.442968927531616,55.68649355932088,,77.79259957856556,89.32017805012899,6.218686808022083
4365.7219846317375,22.16273230277415,693.6254907675414,43.45896172251145,55.686154092825234,66.84977765893247,78.02348127274145,89.33132932232728,6.224905494830105
4332.385246730649,22.10597133322655,711.3212545445111,44.03772932284473,55.65621628949211,67.03091102269813,78.02072579235598,89.46238609687401,6.231130400324934
4384.980197171482,22.19538306807196,708.2962196392521,,55.61494419883848,,78.35435698545363,89.38573292017306,6.237361530725259
4270.017179385663,21.9991941926922,713.5109031697309,44.10491218085178,55.63145916607734,66.82017038294342,78.58219912220682,89.29353276532697,6.243598892255984
,21.828178214418845,706.68786142811,43.88048265545041,55.758559734905404,66.51520084681503,78.53123877852447,89.51225341863183,6.2498424911482395
,,,44.19844599206849,55.861499210929324,,78.71637954416998,,6.256092333639388
,,,43.88096806863789,,,78.36126489188912,,6.262348425973027
,,,44.18606665524917,55.881020336951245,,78.23576516603468,,6.268610774399
,,,43.98174953642604,55.951234889419304,,78.38743549138793,,6.274879385173398
,,,43.825243170435854,55.928382950026624,,78.51619876698417,,6.281154264558571
,,,44.324225085239064,55.82240816293973,,78.61233098843753,,6.287435418823129
,,,43.98725454557394,56.0138071837981,,78.84628939327327,,6.2937228542419525
,,,43.924709060331175,56.03360059075022,,78.85968034054298,,6.300016577096194
,,,43.97154241510872,55.95476174540571,,79.07819857338171,,6.30631659367329
,,,44.7377637107821,56.023769909473494,,78.9856054987246,,6.312622910266963
,,,43.956210979552104,56.0589061126824,,79.00736252061054,,6.31893553317723
,,,44.34868117075208,55.98732442820354,,,,6.3252544687104075
,,,44.211693971381514,55.88765402860045,,79.08626849286988,,6.331579723179118
,,,44.15290672770285,55.975740484067686,,79.29938687307641,,6.337911302902297
,,,44.32001318427341,56.25062952352451,,79.20897197046177,,6.344249214205199
,,,44.028266380984086,,,79.25213279148225,,6.350593463419404
,,,44.28184494838543,56.29234633051441,,79.23203372839326,,6.356944056882823
,,,44.28069453898426,56.29422523393903,,79.37919601705092,,6.363301000939706
,,,44.06967513016888,56.185672967581105,,79.56612664242627,,6.369664301940645
4144.751178099541,21.78135619720695,716.6497121298169,44.194897020588186,,67.47963710156787,79.48374621825052,,6.376033966242586
4117.574571101365,21.733403216811148,726.9476082427842,44.53555246287019,,67.80951760397828,79.64610083506044,90.35857564070511,6.382410000208829
4411.569693016571,22.240101767035483,717.647967090036,44.23550818408018,56.42028354076563,,79.64084566372718,90.36331714020353,6.388792410209037
4524.477457723367,22.428489087904026,,44.220757362515975,56.517934576033795,67.74515364677117,79.59120633285356,90.50928283220068,6.395181202619246
4156.68338263575,21.80197090144285,717.4740107143015,44.230870078065465,56.281793194822704,67.80281078523215,79.55296698558807,90.56655338175695,6.4015763838218644
,22.34380921480187,722.6761051112298,44.389477619553666,,,79.66017019736874,90.66592200456124,6.407977960205686
4655.481139387599,22.64381366544367,718.7677920762742,44.264901675563046,56.439852646713796,,79.75734014549619,90.70105621607512,6.414385938165892
4564.2072861314455,22.494308206846206,721.0701375446952,44.33608983206892,,67.9096634565893,79.64425546468173,90.61097145924055,6.420800324104057
4252.167004728855,21.968218236620388,738.9848520036296,44.91584006186634,56.359144380736005,67.70989884054701,79.48453400641765,,6.427221124428161
4229.760638999569,21.929653435427365,732.1438574290888,44.69073875344671,56.51608670774303,67.77182589599366,79.96817629410654,90.81530785909575,6.433648345552589
4620.433803382616,22.586622713471538,737.6454129111918,44.86504811784693,56.452712835740556,68.0008465151894,79.88458350670932,90.90490869325191,6.440081993898142
,21.786646113685304,726.7580394986586,44.51814360797591,56.277475201124744,67.9129151913141,79.8674730542475,91.03659990079039,6.44652207589204
4481.685019503724,22.35775093798331,741.0644688415425,44.976566600107454,56.45486888929861,68.25541069153044,,,6.452968597967932
4457.829757764851,22.317771647675,740.2283045447331,44.9510419932888,56.45353671204685,67.9848707903396,80.04058876904335,,6.4594215665659
4130.809223972301,21.75649430214437,739.8015514464784,44.93471439673626,56.53425748113382,68.25174295428918,,90.98504479624458,6.465880988132466
4533.256546192249,22.443878392729495,726.4513788355166,44.5069333294115,56.185138576497074,67.9272918359554,80.03660554639978,,6.4723468691205985
,,,44.97356533985897,,,,,6.478819215989719
,,,45.00422367219355,,,,,6.485298035205709
,,,44.65717378219943,,,,,6.491783333240915
,,,44.635825985799855,,,,,6.498275116574155
,,,44.768477913521934,,,,,6.504773391690729
,,,44.72094447984534,,,,,6.51127816508242
,,,45.25645822703006,,,,,6.517789443247501
,,,44.52265484519246,,,,,6.524307232690749
,,,44.80330302919004,,,,,6.530831539923439
,,,44.523946069657285,,,,,6.537362371463362
,,,45.284976737505126,,,,,6.5438997338348255
,,,44.85878824108731,,,,,6.55044363356866
,,,44.8199539820277,,,,,6.556994077202229
,,,44.89003546183917,,,,,6.563551071279431
,,,45.265736137008666,,,,,6.57011462235071
,,,44.99628856735976,,,,,6.5766847369730606
4324.039193491376,22.09162563328509,737.4477477031517,44.859905329591804,56.932554101727185,68.84352359129393,80.38187047630127,91.56695456752439,6.583261421710033
4461.737477979535,22.324278693705246,,45.17365777725631,56.73686251506639,68.73025561023596,80.46865219540177,91.61210936518849,6.589844683131743
4546.118998228925,22.464531959820754,,45.180565413469886,56.75933548436207,68.72198289409022,80.5449592165663,91.64276154247656,6.596434527814875
4614.795827168564,22.5773290931189,749.4171493586664,45.23271535681794,57.02813417276372,68.71779623397104,80.52321353752411,91.81455476301113,6.6030309623426895
4497.248565884869,22.383493637749236,742.1695152040362,44.99276788850546,56.995405833680195,68.90595602463213,80.64807810366219,91.67217483382895,6.609633993305032
4449.651826289585,22.30388402970162,762.5887367613818,45.64254343363411,56.90133584702396,68.83377585940985,80.49299431069365,91.65578623755356,6.616243627298337
4686.65444693655,22.6941763371414,752.4678329687168,45.334832924898514,56.86480268367951,68.697656581907,80.69411536358166,,6.622859870925635
,22.145503895293594,735.9212085306406,44.79679432698514,57.05932996254743,69.00821564034796,80.53515578771041,91.86452112474562,6.6294827307965605
,22.252729266609595,743.2641156537727,45.02779577016773,57.09099316601307,,80.42098385987978,91.91271429233983,6.6361122135273565
,,748.9318689411729,45.213942335684834,57.02603200137271,69.1524388614265,80.70898774260635,92.052172366967,6.642748325740883
,22.55972749259921,750.2040259287166,45.24999893016774,57.241327770998716,69.03372568564038,80.75208426790583,92.0107404858484,6.6493910740666236
,22.243390856832374,745.1263853063429,45.08899227590733,57.0436983546295,69.1180678579271,80.86921451440696,91.9212753660566,6.65604046514069
,22.68138411264817,741.2580181761052,44.97322689347655,57.21605838460184,69.30449972475066,80.63829624326492,91.91511719674338,6.6626965056058305
,22.272142689440017,760.0943548927185,,57.15523142582581,69.07804243133843,80.75549732501379,92.14825992666317,6.669359202111436
,22.91722724393518,758.5126038177606,45.51196639610622,57.29752378389996,69.19105184468508,80.72866237639866,92.13472387102244,6.676028561313547
,22.857059742120505,744.2812457722048,45.06087364343979,57.26308158367432,69.29176908412553,80.68342032319097,92.12240057831325,6.68270458987486
,22.33816940647583,766.2637864682292,45.756294353717614,57.175495706439285,69.13720874421313,80.96117542656307,92.17989062618297,6.689387294464735
,22.21648139014339,747.3577272303187,45.16211688839974,56.983493115033724,69.25466940419606,80.84069531627998,92.24767946136299,6.6960766817592
4640.069671442452,22.61826721113964,749.1724390791732,45.215669050100786,57.224250464631524,69.37086382990786,80.8239839055735,92.3179828671788,6.702772758440958
4509.892799962517,22.404136132654937,751.2722509386433,,57.036057823909765,69.33567124882728,80.84973008217233,92.33094527309382,6.709475531199399
4423.584237859978,22.26031529793811,750.3771643166871,45.256502740996964,57.3199393252352,69.29700070505675,80.92328873814333,92.36688104667653,6.716185006730599
4807.649672279906,22.88830225123827,771.2130098922601,,57.414602990437245,69.40314351561541,80.94939639949374,,6.722901191737329
,,,,57.021909720103295,,,,6.7296240929290665
,,,,57.446538240996276,,,,6.736353717021995
,,,,57.23941924186688,,,,6.743090070739017
,,,,57.46275450049357,,,,6.7498331608097555
,,,,,,,,6.756582993970565
,,,,57.331951273545926,,,,6.763339576964536
,,,,57.4707916013074,,,,6.7701029165415
,,,,57.47508149395704,,,,6.7768730194580415
,,,,57.36294197496107,,,,6.7836498924774995
,,,,57.5176932638474,,,,6.790433542369977
,,,,57.26163278479392,,,,6.797223975912346
,,,,57.60764099422432,,,,6.8040211998882585
,,,,,,,,6.810825221088146
,,,,57.663257949523064,,,,6.817636046309234
,,,,57.62381232545312,,,,6.824453682355543
,,,,57.553547751935646,,,,6.8312781360378985
,,,,57.83548535965873,,,,6.838109414173936
,,,,57.62458099611687,,,,6.84494752358811
4764.642070927971,22.819427514982127,782.0130132517157,46.23157632142539,57.72116499283338,70.00824879169772,,92.95048165658919,6.851792471111698
4874.526635065988,22.993998708910297,770.4204371717987,45.869965366849634,57.60184904762751,69.98812267231386,81.59471033584947,92.95507138417048,6.858644263582809
4766.433984037786,22.82216985067671,775.5513533796484,46.02515257743517,57.85452493214231,70.08001396426239,81.38657338375137,93.19755592644773,6.865502907846391
4713.647969714798,22.7376601043966,784.4807428930549,46.30796559201636,57.781249664624184,,81.59979053024638,93.2645590943095,6.8723684107542375
4593.083395561761,22.54160516736255,784.9584894414286,46.32890400889634,57.60824844117155,69.91486703303848,81.63214830541094,93.33965513864256,6.879240779164991
4611.471851287086,22.571896290612006,783.3870278373506,46.25894747424832,57.84378921042614,70.44075374446234,81.54683867385198,93.35085242919496,6.886120019944157
4814.65430997373,22.8992320071137,781.1163693460301,46.205402594748286,57.81370344609148,70.27006216187391,81.6038907454932,93.32724048935033,6.8930061399641005
4913.990760453793,23.05648454548468,771.6110096718496,45.90378490742458,58.07156051473223,70.39047464697443,81.59936051241446,93.36705064101362,6.899899146104064
,22.43208282364001,767.5270009049829,45.78137669189446,57.84640397687311,70.41605077770792,81.83496765314241,93.3671113816354,6.906799045250168
,22.924807706374565,769.0783207827055,45.82094442988544,58.06044622525898,70.24286230937295,,93.4970394524015,6.913705844295419
,22.505010924122505,776.1350091178464,46.03941532488967,57.96616705030465,70.41426653426387,81.85614907798501,93.61721504339293,6.920619550139714
,22.67661068150624,781.8101469170247,46.21621283703499,58.00786642066866,70.33965016247174,81.83775193666047,93.44868806177084,6.927540169689853
,22.981894988316245,779.5528531522181,,57.99366745493007,70.48986486594289,81.82363696123511,93.32008635523333,6.934467709859542
,22.761867266661586,,46.04710420297851,58.10793812156639,70.35559604323991,82.07699129592717,93.46647407045157,6.941402177569402
,22.797428097575438,775.7921097121313,46.02859807616676,58.00605698545265,70.46364702278676,82.03193835092743,93.59692352441354,6.948343579746971
,22.631217115443192,781.0154456386915,46.18618148727943,57.98681579020258,70.47241175135483,81.85220651832508,93.7122974613414,6.955291923326717
,23.03207005056595,784.7085839975526,46.3028222743353,58.12779094453372,70.57337842698018,81.97149067147568,93.80287808344099,6.962247215250044
,22.827572730304546,789.1527071009145,46.44116367945377,58.236082623568024,70.45094950875227,81.98427238318027,93.69499401713726,6.969209462465294
,23.09560340608962,784.9438110312117,46.303868437229724,58.22747364133394,70.5447321036466,82.00155254570466,93.71531207300582,6.976178671927759
,23.13928540659305,794.3666763660638,46.600798342750885,58.30272797990554,70.69943298821732,82.06552771314038,93.84083731382378,6.9831548505996865
,23.165355601904732,786.4514421536045,46.35803162373276,58.2482617573507,70.67346285942925,82.2516270855525,94.11722647287702,6.990138005450286
,,797.6895255756417,46.69778242702376,58.29390494837566,70.74508880555213,82.34904270810448,93.91956910424389,6.997128143455736
4663.976619314179,,779.8569873618402,,58.329930815964914,70.68656264330694,82.35226887942744,94.00121515783185,7.004125271599191
4626.1513301574805,,784.981871438567,,58.50461978995171,70.8110126232708,82.42528427433221,93.83913407813718,7.01112939687079
4907.364277424199,,791.847332319779,,58.542398959566476,70.70218971375007,82.30791826414503,93.99440281124981,7.01814052626766
4794.013283758826,,799.041024148965,,,70.88123403762242,82.47030639555807,94.12405206643383,7.025158666793928
4973.343750078278,,802.733089385445,,58.38111476610873,70.94995094851613,82.61340693909466,94.2617288349855,7.032183825460722
4765.111553936372,,796.2035877676518,,58.58991823900845,70.95093773948619,82.54043706145559,94.21328470312635,7.039216009286182
4601.8871764553105,,803.493793929898,,58.79321684300824,70.73215325816007,82.70403857003487,94.41095347351943,7.046255225295468
,,784.5163118475778,,58.76088522448745,70.91506318206538,82.82799280065595,94.4011993886672,7.053301480520763
4903.419735102,,795.2242877284423,,58.71235242166182,70.93666549624233,82.64722679341165,94.36554045159575,7.0603547820012835
4719.103142467929,,783.6321352393811,,58.74167530276757,71.06023802901716,82.68603324674834,94.23899278143084,7.067415136783285
4940.585179087311,,791.0320803596644,,58.5636598233077,71.05061807710827,82.76953123335635,94.32912199575307,7.074482551920068
,,793.2164363803952,,58.58981479288784,71.10494194884483,82.93512001964423,94.2933703632485,7.081557034471987
4686.527728000167,,786.796758415554,,58.78698075518641,,82.74401016091475,94.43333406164867,7.0886385915064585
4718.964044767956,,788.7381271688963,,58.75458617999585,71.1788172456609,82.92649366415225,94.40391867547676,7.095727230097965
4947.405464452882,,804.8751133830824,,58.850543082510654,71.17875634984124,83.09418498768714,94.22657701124295,7.102822957328063
,,804.1828548695845,,58.69438695879345,,83.32881101238019,94.40034135022456,7.109925780285391
4980.951615688989,,794.8761861390071,,58.74043097538915,71.35241175743667,83.25526351089543,94.72880637320321,7.117035706065676
5013.999881536673,,798.9692512200552,,59.04620525848307,71.31767139014516,83.33511884597277,94.6590496159718,7.124152741771741
4930.019172308105,,798.8805805551211,,58.98656868341675,71.42669753314772,83.31747264630664,94.52556593514106,7.131276894513513
4611.822711072817,22.572170279756595,800.5306882558704,46.77872186345556,58.93027638894971,71.34042588080102,83.23542312258549,,7.138408171408026
4613.365559254252,22.57475901560309,804.254414724146,,59.27366377156041,71.55295883094668,83.37269779656955,94.53396629825252,7.145546579579434
4562.083730637987,22.490570044303666,805.7147810822263,46.93313710935793,58.89271677768852,71.48361671652142,83.35187879605867,94.51087514995754,7.152692126159013
5038.352111752965,23.24939378230454,811.9042090778587,47.12033650741618,59.155422317374125,71.4744173543604,83.7437282316047,94.90946604122497,7.159844818285172
5012.0915355825555,23.208721011776746,796.5405969351824,46.6569965780032,59.3546326957106,71.57501786662434,83.61887474802876,94.77915001016184,7.167004663103457
5034.691219710451,23.243646737778633,801.6338507499581,46.80851727019394,59.041782515134564,71.35634631793475,83.41800544577538,94.77932801439783,7.174171667766561
4815.06551426407,22.899831039813126,817.5067077192823,,59.300251639213485,,83.780426776673,94.93135597790388,7.181345839434327
4970.419690954601,,804.0584391911792,46.8806361947325,59.051573676579245,,83.73119601707201,,7.1885271852737604
4927.834577542267,,,46.61822842429203,,,,,7.195715712459034
5031.826683474385,,,46.99843701207441,,,,,7.202911428171492
4928.284281329627,,,,,,,,7.210114339599664
4755.302126495083,,,,,,,,7.217324453939264
,,,47.11957368056919,,,,,7.224541778393203
5034.374267628777,23.243215468547437,807.870250961594,46.99501595174134,59.59675856221961,71.8350837494859,83.76084885120629,95.05052068646289,7.231766320171595
4795.424563329914,22.86832703054013,821.2805041640241,47.40505193584354,59.496997542725055,71.61672918895839,83.98771414726214,95.2137579140529,7.238998086491767
4932.833850361791,23.08517035829272,822.6916688387256,47.4392840490359,59.69461201409115,71.88457472574865,84.2145589741994,95.37759669567492,7.246237084578259
,23.208235480101493,821.4989566643895,47.40051784354533,59.57324025776142,71.75081148968364,84.17359228653442,95.16256473860317,7.253483321662837
5135.459620447616,,822.9760897455819,47.44178362438325,59.89986429129507,71.73744554119403,84.15023443988622,95.35868855432157,7.260736804984499
4838.366999327439,22.936820456845886,808.978234790497,47.025713236964926,59.891495809721036,71.81924459874347,84.15279324240608,95.25230104437358,7.267997541789484
5238.981893071805,,,,,,,95.32082634423804,7.275265539331273
4800.170932083328,,,,,,,,7.282540804870604
5156.606833880393,,,,,,,95.31366530075688,7.289823345675474
5200.643196312181,,,,,,,95.40904671201378,7.2971131690211495
4907.834351659767,,,,,,,95.50160368205557,7.304410282190171
4845.5365443606315,,,,,,,95.65376795103295,7.311714692472361
4803.0791839675485,,,,,,,95.71220598045156,7.3190264071648325
5263.695114579089,,,,,,,95.60817581705932,7.326345433571997
5135.187637281604,,,,,,,95.68697632495234,7.333671779005568
,,,,,,,95.67456262278223,7.341005450784573
4852.954206939874,,,,,,,95.60611282368966,7.348346456235357
4949.329441124176,,,,,,,95.6893970086419,7.355694802691592
4880.747602502872,,,,,,,96.01934690584979,7.363050497494283
5153.48097208244,23.425135052467493,825.8635720606468,47.529996899258855,60.15677179327261,72.30303459032508,84.47429631023505,95.94612636832356,7.370413547991777
5156.187836521448,23.42968187679308,837.9063573727608,47.89782572769585,60.27175819742936,72.33596724700496,84.62925876397891,,7.377783961539769
4948.54584587584,23.110101421606277,833.8380669818345,47.75905755874677,60.45596060419038,72.39711841902435,84.5018209153158,96.04493384932512,7.385161745501308
5011.779770990306,23.20801711350433,828.0721736795562,47.59534799072263,60.38618213707798,72.45783064619422,84.81987100357172,96.04147640601846,7.392546907246809
5159.167479972273,23.434208397251865,832.725060192532,47.728649309377914,60.08017878318584,72.3630905593511,84.57505756474075,96.10461699379698,7.3999394541540555
5164.336527728126,23.441838417818058,830.0978202872607,47.65015701173849,60.42959345640781,72.51719896268064,84.71025461337537,96.06713250725753,7.4073393936082095
5193.188174180486,23.485595194526233,840.3037366040913,47.954736159745856,,72.60673010963048,,95.7910506358291,7.4147467330018175
5222.3389497980315,23.529370773099522,841.2670685896792,47.983438943479136,60.71224775627735,72.571373670606,,95.84209000125543,7.422161479734819
5059.3704931301445,23.281632891521834,,47.89094427387308,60.72408018911269,72.6249083926219,,95.85258344122056,7.4295836412145535
5142.877805927591,23.409291089826883,837.7242503680554,47.87666353397151,60.5195683290014,72.66821297677843,,96.36511940802639,7.437013224855768
,23.74239625851,836.4756301992841,47.838900059414065,60.63870273733171,72.59703999661967,,96.29795622085652,7.4444502380806234
5122.6632250207385,23.37854539113341,828.6830177459983,47.606816021645365,60.488114188191396,72.74241694105548,,96.39453192443386,7.451894688318704
5135.484714434459,23.39789836273655,836.59300345742,47.84329018756903,60.79413503004698,72.7314647681688,,96.33433024863339,7.459346583007022
5327.29250594254,23.686205027237055,844.0148772708823,48.056890373652934,60.634005902819524,72.63492274266956,84.68984409718428,96.4148147884729,7.466805929590029
5242.491920128511,23.559454760925266,837.9731840812151,47.87926075626418,60.67721262299521,72.76159592998316,84.92773561124719,96.21641556317815,7.474272735519619
5274.766118240513,23.60795454038311,837.8918665900128,47.873017217017804,60.81456549557907,72.86281865860103,84.88131309920522,96.38228967179965,7.481747008255138
,23.337452383476418,828.2086903257432,,60.88894256407239,72.9911807931122,85.1560601762037,96.42926901441892,7.489228755263393
,23.37210480043251,849.8402090451328,,60.794993808820166,72.84900120882769,85.06927869483815,96.51049133190118,7.496717984018656
,23.318434600009283,843.8136196165149,,60.73859841151069,73.04729217467256,84.88749272283262,96.36479790762684,7.504214702002675
,23.534498891338682,835.9456596062421,,60.803695101649055,72.96312824078498,84.93732903982469,96.65787917428848,7.511718916704678
,23.59048574173703,838.5622469703782,,60.88792182234842,72.93160682321108,84.95195856100756,96.53460530948209,7.519230635621382
,23.425385786504066,855.0330151807204,,60.974847400574674,73.0605565635907,84.91673602500295,96.74476080661843,7.526749866257003
,23.38205221358198,831.7788957480817,,60.79553726082138,73.10064837992486,85.04438348423308,96.68503636009066,7.534276616123259
,23.12729061502307,845.3583131966966,,61.01935727493727,72.87031003304037,85.15091728585402,96.39940464164671,7.541810892739382
,22.759495694346246,846.7359788020684,,61.01231557355914,73.05703824283961,,96.75295101773827,7.549352703632121
5146.012865914512,,849.580331204564,48.21718564044837,61.13944895512521,,84.93637367333699,96.73236733650845,7.556902056335753
5479.546115210738,,843.0156056899623,48.02803619082928,61.011920748567725,,85.35391226121007,96.66217670983116,7.5644589583920885
4992.135990844821,,,48.197164819716804,61.05447015415115,73.13376611900225,85.23798299965769,96.97885552723973,7.57202341735048
5408.527635878621,,860.6249750542863,48.54362342622477,61.07905430858263,73.3616197017483,85.08337532483287,96.83383245338378,7.5795954407678305
4965.081036424907,,855.7503672710865,48.398653699520054,60.91989961970779,73.05378374409159,85.22912921836385,96.87553639619497,7.587175036208598
5375.466069602965,,839.6374285195634,47.92472574269945,61.16228951733027,73.45645429281304,85.0502871316945,97.01765519898592,7.594762211244807
5421.945350912876,,855.6463791603311,48.397721339334616,60.77884966998216,73.31296232860021,85.11166314900598,96.98644763059211,7.602356973456051
5159.982038112753,,862.4237831772678,48.60271324013943,61.16991832582673,73.32688844423194,85.32262870947584,97.07343489313743,7.609959330429507
5163.558660258409,,853.4147289774464,48.33455709939221,61.15635053803634,73.5366118033775,85.08877680491278,,7.617569289759936
5082.475650129994,,856.9947684403073,48.42807051922244,61.25527406205708,73.46485318254253,85.48807763711667,97.09862757623043,7.625186859049696
5048.167272792313,,869.1414992289077,48.79563770741878,61.15726778610334,73.52673080123229,85.26242255852732,97.28459054300843,7.632812045908745
5441.102876419509,,850.7150157277166,48.240011980620466,61.19601327420331,73.45244101092098,85.28227605879806,97.12327194577331,7.640444857954654
5452.808990035084,,864.7089043357847,48.66448362858541,61.35366057778637,73.70859557086867,85.29288916604051,97.1578771657878,7.648085302812608
5417.522953893041,,866.728922843726,48.720152376976216,61.45184171320624,73.34559899329247,85.39268380538144,97.43272057652142,7.65573338811542
5103.9922851148185,,855.5489913853837,48.39143299438767,61.40673289790544,73.61104974735912,85.46664943470009,97.13606815131594,7.663389121503536
5255.474824457014,,867.521936651794,48.7391741372796,61.44817131833161,73.49875630302617,,,7.671052510625039
5250.170877037209,,860.5669800185057,48.5341311885238,,73.81778060546156,85.52160954640684,97.47819539140056,7.678723563135663
5142.3793458830905,,863.9863796206296,48.633771303863114,61.42373743271981,73.56270462005858,85.40248824055753,97.4676375470077,7.686402286698798
5178.148538165519,23.462763831239297,859.6090806467818,48.51058165244286,61.374333913360765,73.68834947882503,85.4801769916625,97.39152818484456,7.694088688985497
5439.2227962154775,23.85130462266743,871.4165699613028,48.85694561062824,61.25558450229595,73.80218286051087,85.5544027364843,97.51504818017482,7.701782777674482
5164.069640439579,23.441081079457305,869.6329288007169,48.80142321778207,61.41463547736277,73.87961548141863,85.42973734597894,97.21267007927163,7.7094845604521565
5195.845697901352,23.489492497203074,858.3581360108997,48.46834782003265,,73.83955922443705,85.38892913123938,97.49637824053076,7.717194045012608
5187.975574435884,23.477647597932453,859.8100211103607,48.50955605978791,61.461137624249766,73.83825552028809,85.44100281049971,97.52570375585363,7.7249112390576204
5387.657092060502,23.77541900153686,856.2209350596098,48.403587913837384,61.40383394279607,73.84931187207332,85.41541654311612,97.66138476065215,7.732636150296678
5123.573171972831,23.37939070030944,873.4654564631979,48.914132007841104,61.77525672237738,73.81925347049113,85.70812137915426,97.5672520854514,7.740368786446974
5333.126572454497,23.695029367310276,869.0595384390922,,61.71585154119333,73.8279868001583,85.6147030927733,97.61887745014204,7.748109155233421
5411.849353457179,23.811075477958926,875.3591411875711,48.967950893588586,61.698208300568716,73.97204460040126,85.46260308043372,97.60289872229728,7.755857264388654
5410.056768387074,23.808630459986265,878.022546051208,49.04108763801687,61.58070597311367,74.06209381154176,85.45101864409801,97.74394037640494,7.763613121653043
5504.18740512627,23.946633435847662,874.3310485240116,48.937428895421526,61.58024644732871,73.90003917289336,85.5797252006432,97.81245239497471,7.771376734774695
5175.701585730419,23.458934140267377,877.6150110234981,49.03456788642787,61.551163887932454,74.0981647152508,85.6382603131993,98.02224845852396,7.779148111509469
5413.000619025336,23.813064620856075,878.027590908571,49.03855228723038,61.63245920985861,73.91073137157834,85.74665720430306,97.86677414707886,7.786927259620978
5295.995227852227,23.639427467860024,876.3924261049095,48.99656276370635,61.796271697130834,74.14020500633163,85.79088504576204,97.9272283985226,7.794714186880599
5491.465193819222,23.92723754828762,,48.62177809081748,61.73141554583965,74.09148869679584,85.76991685002156,97.77407501281618,7.802508901067479
5312.148275281911,23.66363591568105,887.6779284498164,49.31503315684924,61.68012149823538,74.01503210733084,85.91209464222862,,7.810311409968546
5483.306030447558,23.915856835077065,883.014658456676,49.182389943679915,61.697377841843874,74.1360527423073,85.85561302076194,97.93246206449268,7.818121721378514
5398.4410139048205,23.791272360204086,874.5110247955539,48.93423580254925,61.767596127496795,74.29986378304979,85.93412670616829,97.75579729913305,7.825939843099892
5387.603020074211,23.775368216142414,880.6537142424305,49.11094580851278,61.485179786353974,73.97802144638332,85.97687166670721,97.95260112046907,7.833765782942992
,,883.2517107413961,49.19013153843734,61.696591162538375,74.25495870183146,85.77806618112974,98.09343137295824,7.8415995487259345
,,888.0729670453424,49.3269320206364,62.03667834083597,74.176916945134,86.09759326024397,98.14123441414245,7.84944114827466
,,883.5399704186173,49.19688827278139,61.79893655884464,74.41145632616173,86.1389945141575,98.21089580042532,7.857290589422934
,,873.6164112765921,48.90095543673235,61.591799096016004,74.37524540916337,86.28892550321389,98.12670860129776,7.865147880012357
,,885.112394909131,49.240709790893995,62.14234781215743,74.36981598215047,86.19369264553562,98.26884772829288,7.873013027892369
,,873.0366368134823,48.882621818841784,61.83809731363266,74.44613585656151,86.0941830921047,98.09230659387704,7.88088604092026
5765.747411473006,24.320521595141365,893.1696203557603,49.47064379787198,61.95354885918941,74.44808424858242,86.29083067591225,98.41974965044383,7.88876692696118
5591.029518718032,24.07168668961528,875.0767098079455,48.941163782451575,62.03523220896062,74.50907448916394,86.29450806148971,98.3107031146213,7.896655693888141
5717.551983417789,24.252077988410676,878.3014618098464,49.03875149511014,62.06856088692575,74.57031938865693,86.43719184500385,98.3998100452931,7.904552349582029
5681.768874772275,24.20111969564923,889.2367319466541,49.35627768245313,61.71101385590625,74.44196379891233,86.62275558854422,98.41087802727351,7.912456901931611
5250.533018261431,23.571965212458643,884.3297809404927,49.214301015934964,,74.42594108600179,86.2717543960447,98.46373738359908,7.920369358833542
5277.515212392469,23.611980569482355,872.9047433276369,48.87590940939665,62.26611235401535,74.61193412277123,86.4390248215512,98.6288257064964,7.928289728192376
5764.942654118317,24.3192170419012,889.0869416423642,49.350479714014085,61.855370246586276,74.71908321460735,86.5942265293388,98.62098354488042,7.936218017920568
5518.618516287502,23.967043332335443,886.184438821121,49.26711247786993,61.97650376668672,74.71320559115402,86.58420029009788,98.53012598872411,7.9441542359384885
5692.761899797412,24.21636883736594,881.7414283706904,49.136601796198725,62.428055425062745,74.83822062692784,87.08208690992242,98.67886228833096,7.952098390174426
5675.274316070334,24.192173700776483,884.070626322496,49.20528315221007,62.1427094824708,74.80880894151846,86.74707386120765,98.74648079828484,7.9600504885646
5425.579935862465,23.83127095350064,888.5049712874527,49.33114463958791,62.20789184707846,74.78651763720114,86.64030509276397,98.65751992732102,7.968010539053164
5487.533599636598,,903.77896473268,49.77187999795901,62.24360001980778,74.93225227228052,86.8237104807053,98.59238834546433,7.9759785495922175
5501.753193817263,23.9423843108908,889.2385787400909,49.354397417706394,62.27727992743713,74.7461095952716,86.90094287149982,98.67743222011666,7.983954528141809
5647.70051430927,24.15255759986229,902.8830761084166,49.7449593042505,62.241084897319894,74.82306788873993,86.85186681903919,98.65443536182318,7.99193848266995
,23.874562886356557,902.4861559343009,49.73558794677,62.03540008423736,74.75030793661057,86.78327644584411,98.79366584201651,7.99993042115262
5708.007349371771,24.23894057452438,887.0357746087657,49.28517099484997,62.3834530590753,74.97735491767541,86.79043195123242,99.11384619921277,8.007930351573773
5356.906481123098,23.730267275355388,903.6719143720451,49.76754291768181,62.10552440295723,74.9894805008389,87.56583098154677,98.98713163765926,8.015938281925346
,23.83386553793384,883.8046067654059,,,75.2052316088662,,98.95779056434434,8.023954220207271
,23.977463828869,,,,75.030155689958,,98.93830339251546,8.031978174427477
,23.851043217660454,897.3654186345753,,,75.07241858668519,,98.92166435739149,8.040010152601905
,24.131086191751216,903.5200706608513,,,75.10913746522888,,99.09208950643333,8.048050162754507
,24.16512050217556,904.8499531078954,,,75.19473205935765,,98.89802709533704,8.056098212917261
,23.859520417435707,903.3978464650822,,,75.22162587352948,,99.04845393517198,8.064154311130178
,24.449297915574515,889.6824547279888,,,75.2441309443051,,99.1343148464756,8.072218465441308
,23.643821051043425,903.4677715350065,,,75.29720211357433,,99.19771917268906,8.08029068390675
,24.076955415317478,911.4228882457771,,,75.2529216141104,,99.2542459877991,8.088370974590656
,23.9295811875579,911.3315253369095,,,75.18686906690299,,99.22145095104504,8.096459345565247
,23.941007955293852,908.6493291105512,,,75.23267315903398,,99.1482779059771,8.104555804910811
,23.82953552545851,894.8055755546059,,,75.14039967464427,,99.07921431431839,8.112660360715722
,,902.8903105291449,,,75.19538396725304,,99.30307454279306,8.120773021076438
,,908.5225021901682,,,75.3667842178582,,99.46680970519066,8.128893794097515
,23.72657685215975,913.2840156837653,,,75.45372667723177,,99.5484567702855,8.137022687891612
5785.428027316999,24.34867331300301,914.4490152905578,50.069625484747846,62.328313650034055,75.1267670591461,87.787759940799,99.4997758419338,8.145159710579504
5768.86189563078,24.324606732441126,917.6332189443829,50.15650612045628,62.67962000092842,75.54146681348777,87.92988435273249,99.53514147450974,8.153304870290084
5591.390549774205,24.072121234934844,899.3195047759875,49.62966636961009,62.734692284592036,75.58534685622129,87.1945037228385,99.53614404952954,8.161458175160373
5838.2066509306,24.42194743042062,905.6796741358378,49.813062876226454,62.60759951095504,75.77286555205872,88.02258742064284,99.66532854690318,8.169619633335532
5364.3152515775855,23.740940654488032,908.8456362598075,49.90804993051121,62.687854838062364,75.48773473631621,87.93383080876015,99.28010372067821,8.177789252968868
5893.463853074877,24.498620291079447,915.152152915717,50.078222388742596,62.598936263247175,75.3958293594332,,99.50272540691769,8.185967042221836
5931.45408657818,24.551391641631877,920.8638819070599,50.2492649509652,62.77596022382527,75.3954600841586,87.96392855346143,99.71418313685749,8.194153009264058
5562.883263984158,24.03087400758382,917.4133844002788,50.14942472419147,,75.64698118740321,88.18546795750937,99.83089566794511,8.202347162273322
6005.619947103735,24.653624100832307,917.0909765209675,,62.78912286991603,,88.09204535352335,99.60153998923514,8.210549509435594
5809.6759593237275,24.38257160854805,923.0144690465988,50.30786378778181,62.89717367139009,75.8301209416555,88.19612884777736,99.81559679285988,8.21876005894503
5882.849086583007,24.484245184847502,909.7940334925904,49.93070808058241,62.71875117706982,75.68035351618948,88.18835559301804,99.68118057459881,8.226978819003975
5675.77069497467,24.192942354686984,926.1877117983505,50.39512194211773,62.86860664826406,75.72564753465763,88.06703128221,99.72255808680231,8.235205797822978
5971.665275109188,24.60701065099382,914.1415044155837,50.04634511671493,63.00935880024927,75.93394252778451,88.35402640386852,99.88528069036556,8.2434410036208
5617.1885992324,24.109122384054544,907.686900462977,49.8670849759873,63.04683248189162,75.82109049107301,88.34955756832404,99.87840718621702,8.251684444624422
5725.867694920493,24.2639570419619,912.8908692176477,50.0161122496239,62.8059702419592,75.89835394305375,88.45309964842001,99.89727164533879,8.259936129069047
,24.236459494877522,923.3140924945377,50.311610886348106,62.97274167874968,75.96448111692742,88.29533856396922,100.0242265166249,8.268196065198115
5972.673489364081,24.60792804215027,939.7930359048468,50.77291214532877,62.911464020404004,75.93020074898635,88.37859517174078,100.15827763964887,8.276464261263312
5689.408034385714,24.212163158418203,923.3060263233765,50.31238606215054,63.1795858748476,76.00143313553897,88.51087224184434,99.97257398903204,8.284740725524575
5788.916394058674,24.353012646697103,929.8853421392841,50.502447905103544,63.19108960366516,76.03928310715008,88.4510175744417,100.0765603679254,8.2930254662501
5741.938738190039,24.286215322200356,917.0533953941966,50.13352807524096,63.18359901034536,75.85788087399816,88.48588828562794,100.07907254059782,8.30131849171635
5835.750809468176,24.418299380919468,918.277118212296,50.16547993882654,63.1955580439038,75.94202482040417,88.4443485392153,100.35876980086105,8.309619810208066
6081.841003707265,24.757489344485002,928.9112295530914,50.46756257666706,63.219124965326536,76.10093487849046,88.54790353504102,100.15497042440299,8.317929430018273
5681.63454900335,24.20137225436721,918.5461075469406,50.17757844710081,63.02774641701443,76.16132771882383,88.44385771824363,100.23854981954618,8.32624735944829
6170.908932773724,24.878067567562912,932.6056854293511,50.57169604318678,63.2086819397427,76.16448938352973,88.44910462004006,100.27783953963689,8.334573606807739
5692.270922100305,24.216073459285365,925.6527063847917,50.37098849046541,63.120223994866,76.1111442363821,88.56724993558316,100.29754936026362,8.342908180414547
,,938.7405732901865,,63.459505727483474,76.12444456642166,,,8.35125108859496
,,920.9270483181722,,63.371438584206594,75.93348612954011,,,8.359602339683555
,,928.7316998872209,,,76.12799972269784,,,8.367961942023237
,,930.4916045319364,,63.32309222609637,76.35874158283885,,,8.37632990396526
,,945.1829868464716,,63.44842235411301,76.24094933740876,,,8.384706233869226
,,925.1748391866255,,63.439086491684,76.04832552212878,,,8.393090940103095
,,941.0743450264458,,63.61372936665041,76.42334799470994,,,8.401484031043198
,,943.1529087009055,,63.43673409010033,76.31994633629951,,,8.409885515074242
,,940.9044230470905,,63.649182641413965,76.49248698818893,,,8.418295400589315
,,930.0450976553516,,,76.32925718924764,,,8.426713695989903
,,940.6170689737252,,63.77552162419032,76.48328193941347,,,8.435140409685893
,,955.1063215149933,,63.61117791058901,76.44307529443607,,,8.443575550095579
,,942.5147508272233,,63.76156484235903,76.58818595558219,,,8.452019125645673
,,947.3814356878145,,63.99758277868791,,,,8.460471144771319
,,947.3713856720982,,63.801007829075,76.34403246975731,,,8.46893161591609
5721.755768537284,24.257929708404472,946.4628824387968,50.956782916437795,63.99035930712222,76.57834126753012,89.02159355736954,100.85817199264864,8.477400547532005
5864.65221220263,24.458776915577957,,50.922277290330925,64.06329957822379,76.62210539016947,89.11743736283805,101.12301004605095,8.485877948079537
5830.066112075892,,945.5052526482405,50.92452318720357,63.85411007533104,76.74242158938456,89.14504034475227,100.95571152602153,8.494363826027616
6186.2450651603585,24.898631865993046,939.8052716286167,50.76870748246538,,76.65100726710084,89.17445905635053,,8.502858189853644
,24.969568324457477,943.0155033935387,50.85721756986302,63.94004785060551,76.58711910511437,88.9895438396126,101.06494365066068,8.511361048043497
6019.315492913367,24.672393559878067,936.714223826311,50.67376089187405,63.96488461069457,76.59228747334188,89.2444754636164,101.1036210247985,8.51987240909154
5696.999973064566,24.22291523248806,956.6308943298627,51.23376889605885,64.15610258587057,76.84793794210785,89.07037424964372,101.27330631966558,8.528392281500631
,24.82521665439987,943.872885336063,50.868898568958706,64.04244073742825,76.84558198647572,89.30379370666326,101.17119130615515,8.53692067378213
6251.010416499384,,941.2960203004735,50.80269549261582,64.19378713559853,77.03461642652356,89.20447134519978,101.14153120879266,8.545457594455913
5992.3611215055125,24.635323495492344,962.3005838945196,51.39541411870456,64.12511654990675,76.93247007695689,89.2566490670978,101.36354466271051,8.55400305205037
6384.755551397158,25.162690870272606,959.3603388859401,51.30799355131425,64.11316388827966,76.70164032806963,89.01177980736391,101.200404236212,8.562557055102419
5956.8318615708895,24.585995774913965,954.3741848301074,51.16891187442914,,76.82661788251156,89.23173106492601,101.13695166899913,8.57111961215752
5846.025508167246,24.432756401192133,964.5681190672849,51.44340941449117,64.39587124841832,76.87046774196223,89.34863556372916,101.2939067290908,8.579690731769677
6080.905138777505,24.755915938455402,960.04113133235,,64.76356268679305,77.02405441255591,89.24441873985955,101.48484362143644,8.588270422501447
6318.822382662091,25.07553159631021,964.0824933163296,51.444598411686115,64.3330795016779,,89.39396042199698,101.49396601491833,8.596858692923949
6082.885960663927,24.75897882815641,963.2416267236746,51.41684817242301,64.45356813669339,77.0968366651681,89.19109083873377,101.50010424435908,8.605455551616872
6152.6759817884285,24.85333073705771,960.7930346744139,51.347634142146475,64.7553058094664,77.21691473515061,89.48313329955789,101.56042155320108,8.61406100716849
,24.629760978529685,946.2713260311873,50.941372299368346,64.66774261138733,,89.2281529528702,101.43654012832322,8.622675068175658
,25.132754319007848,966.9653808947929,51.51578540536931,64.69903754266336,,89.34916556408575,101.77730968188038,8.631297743243833
,24.57979522651426,960.2505996835986,51.329509329291035,64.32823805121953,,89.35826882541525,101.66770970630843,8.639929040987075
,24.605960205106783,962.1468312066835,51.38330298418303,64.45501991333956,,89.18395246989513,101.67064850512014,8.648568970028062
,25.050533108909537,967.5593133278412,51.53382481988342,64.66498669436977,,89.41646473644047,101.67505989713364,8.65721753899809
,24.82782194600263,968.6833092813835,51.562854315595935,64.88580211103827,,89.43861277307963,101.62345526105423,8.665874756537088
,24.698917140015,968.6842018033348,51.56044480483446,64.85998185778716,,89.61867676743036,101.77123803760666,8.674540631293624
,25.245699810640403,975.0006394097163,51.733040490122434,64.8127643450691,,89.33001774727977,101.86271774262794,8.683215171924918
,25.226846194630177,966.2151044161584,51.49614360762986,64.82739297736222,,,101.73987217679579,8.691898387096842
,24.719647666143533,980.3457614486907,51.88600457296442,64.9952156731535,,89.52608265271323,102.00720863192078,8.700590285483939
6156.031956392796,24.858027863017135,958.5673964222957,51.27931236314313,65.02386865738912,77.44165259310928,89.41191772045569,102.06424733960691,8.709290875769423
6444.307208949933,25.24075712495371,966.3583607743387,51.491807447987455,65.09709189866398,77.37627933503495,89.41304135793553,101.73198571575219,8.718000166645192
6100.616097016013,24.78271707972565,982.9200888225888,51.951717234729635,64.87919983781883,77.38787423644482,89.53424723656559,101.95193173795873,8.726718166811837
6170.203008674804,24.876822298970637,965.7790813165126,51.475069887133394,64.82959466785634,77.40269485536534,,101.96764894795426,8.735444884978648
5848.395458270037,24.435904734202687,956.6360446212262,51.22213177059711,64.91667434464544,77.51988623634035,89.47796467872686,101.9744890622306,8.744180329863626
,25.155026705608034,982.5358832103018,51.94741275425866,64.80175960620114,77.62513189050597,89.43497087926362,101.95502246648786,8.75292451019349
6422.858555044669,25.212679864183784,968.7577523897153,51.5595002883842,64.93766101403519,77.37031622831586,89.52947576888171,102.26987251037453,8.761677434703683
6115.529433852337,24.803086080114646,,51.696083608004145,65.26638989523198,77.62033193423848,89.50387494811349,102.0678298311772,8.770439112138387
6848.828552464381,25.7591501053168,,,65.00849711121565,,,102.14131396763173,8.779209551250526
,,,,65.28302561392925,,89.54513521359777,102.12226181969454,8.787988760801776
6399.303737753464,25.18203169827462,,,65.19654400422348,,89.55687234766916,102.17606948303516,8.796776749562577
5967.311907007987,24.600611222761163,,,65.15702153496396,,89.77834789377042,102.12778493596039,8.80557352631214
6500.238020625589,25.31374652095609,,,65.17003468659627,,89.73509646831792,102.41601056639252,8.814379099838451
6659.777531738509,25.519208152227243,,,65.12154268564844,,89.93281305141203,102.12611231161065,8.82319347893829
6626.295180902986,25.47653631505368,,,65.36862090643397,,89.58117612254621,102.36928616812959,8.832016672417227
6137.476396726364,24.83286051563664,,,65.19336190923306,,89.91321222753967,102.26367288339807,8.840848689089643
6288.186592507261,25.034614509254663,,,65.32520765230127,,89.79748220198172,102.52247682721678,8.849689537778733
6082.829258079432,,,,65.22060672735053,,90.10784054052105,102.51350983779137,8.858539227316511
,24.827489250248835,,,65.4562811151824,,,102.42807816062233,8.867397766543828
6654.894692986148,25.513205966594473,,,65.51159782551301,,89.8890999959975,102.56019189649659,8.876265164310372
6148.259480680009,24.84711896732028,,,65.47702979118901,,89.93060343611515,102.60234354911039,8.885141429474682
6417.354398528869,25.205190486591412,,,65.39736301228398,,90.02164228573659,102.67116372917432,8.894026570904156
6437.947535532986,25.232243922286564,,,65.41079038900098,,89.99946977862058,102.73520286671712,8.90292059747506
6653.5530881018685,25.511405093691796,,,65.37733723090541,,90.34810785592143,102.62061859347769,8.911823518072534
6716.493741960738,25.59163148585813,,,65.47793805448542,,89.90472518096107,102.62796807104735,8.920735341590607
,24.944427944727522,,,65.4881174450593,,90.04416381792765,103.30132277788415,8.929656076932197
6389.410573649488,25.16865545987234,,,65.71775488529971,,90.10928092676262,102.77935392133818,8.938585733009129
6875.845480895604,25.792793418196684,992.9809638491778,52.219691344072345,65.73407167365465,78.06929623607566,90.04717403367708,102.52498878686103,8.947524318742138
6772.819946448661,25.66327130852069,999.2796108265247,52.39241723331908,65.40276550770184,78.23183824219238,90.16449715799094,102.6206183115243,8.95647184306088
6690.678314249322,25.558716471285308,990.0650587870913,52.134685390593106,65.64525856860207,78.24370030386798,,102.88953481475292,8.96542831490394
6197.706582249754,24.913773864101948,979.7735030041487,51.857954575005756,65.84685104069347,78.21542543925597,90.286056643311,103.02857554358202,8.974393743218844
6439.926935863347,25.23460900348699,,52.5122048377724,65.72096381709868,77.97601873363178,90.44397869523246,102.9563055333902,8.983368136962062
6425.362099154368,25.21572525891082,999.8003882735076,52.395739107080736,65.60523582647168,78.12320416554574,90.36127920413158,103.0145916480354,8.992351505099023
6451.398598841522,25.249820550238386,984.1728103615276,51.96960860293974,65.77211517302285,78.25987586346146,90.52695884435832,102.99798111481839,9.001343856604121
6519.394100962664,25.338489405124445,987.7812187262329,52.07795758184698,65.85139716284385,78.31805879869351,90.18194156312745,102.97229163337926,9.010345200460725
6737.061278677256,25.6175844441878,1010.8342699387234,52.70046205789155,65.87107212271269,78.28711099077971,90.28613309455223,103.21566222374172,9.019355545661185
6386.904408532274,25.16525527585836,995.4823653030547,52.28360299873023,65.83686675842516,78.41045082747394,90.50959058812886,103.19693167281463,9.028374901206845
6515.31986725266,25.33306013096972,1000.994745414418,52.42453660241487,65.75295045010476,78.38607875953511,90.32887590259642,103.12058128659233,9.037403276108051
6323.399099448685,25.081175198730485,1005.5681364127802,52.554445004194065,65.91725840782843,78.10479448288825,90.49174247057174,103.22462320301037,9.046440679384158
6853.694030549121,25.764966523448578,1006.0594530155043,52.56567128295483,65.80346605299216,78.4119176790116,90.57093990059057,103.344569388227,9.055487120063543
6649.227431503983,25.50597110789804,997.0186536400995,52.324359140737606,65.61871730277088,78.41100198060926,90.42855217437297,103.29106553933025,9.064542607183606
6605.836017128219,25.44987650360497,1004.1094078906126,52.514543979451346,65.85935938134344,78.476637918618,90.46545764013419,103.2589796843972,9.073607149790789
6900.45803797695,25.823501122770544,1011.3177107239567,52.70693361430322,65.98433128678826,78.48615341073797,91.03210114278362,103.23826919045517,9.08268075694058
6844.297135378836,25.75315534958763,997.1480499405178,52.32316670028994,66.02022374357071,78.51613528718467,90.70080375414301,103.32608989846885,9.09176343769752
6495.254494953236,,1005.5703003620918,,,78.68365829864922,90.53794530691515,103.4730290920768,9.100855201135216
6871.74343045956,25.787454288386815,998.2873697364882,52.34955357744551,66.15597343188128,78.42238919678567,90.96147588251858,103.57705701319148,9.109956056336351
6822.860801613248,25.726114110224902,1014.5173201687319,52.79557970203863,66.11051954080831,78.74465329771768,90.88425643673307,103.56053698369601,9.119066012392688
6579.375248566594,25.415971576228355,1019.0379635448181,52.914019838807,66.02022313619288,78.57223697481137,,103.66157549200081,9.12818507840508
6525.777103055521,25.3466340309896,1014.9762401612683,52.800039906758464,65.71207391141992,,90.68697030925854,103.64208798770548,9.137313263483485
6529.059283977583,25.35095648570663,1020.1212282929622,52.94596052639983,65.95038295550552,78.74148856803423,90.73966566761777,103.61483167211519,9.146450576746968
6515.593676510289,25.333363870124764,1009.7939157483514,52.664661779847975,66.0280899997066,78.70064783639025,90.90946617408954,103.78976261028284,9.155597027323715
6893.339257807514,25.814482065349384,1018.2446086731514,52.891062513001515,66.0411483265562,78.76818544436408,90.97637801543613,103.67810779956795,9.164752624351038
6938.478195043552,25.87080855595863,1001.8094559175357,52.4531715764216,66.20159680568256,78.79104503770878,91.0496727661377,,9.173917376975389
6694.977690470769,25.56407457252376,1017.4156273653884,52.87274577086017,66.0346437241215,78.87623791056212,,103.8076107511944,9.183091294352364
6878.485252986113,25.795907945693347,,52.96319585531124,66.17530391689367,78.8691879197004,91.11175258122026,103.98819903531235,9.192274385646716
6673.0860653325035,25.536059235257742,1016.4361974408248,52.833136361277425,65.961958784757,78.91407389874061,91.21838202677868,,9.201466660032363
6953.431775623322,25.889409422667434,1012.4874335530125,52.73135727256622,66.14132564484652,78.88739900766308,91.50759872267085,104.02785911322013,9.210668126692395
7086.842099476095,26.054321594653132,1018.8909981840387,52.90696750618431,66.13314991579588,78.88396342369042,91.29716553594,103.9494714558642,9.219878794819087
7173.384377526994,26.160090050786344,1006.6892102913081,52.58123991712159,66.11687522522756,78.94861105888931,91.38971034828427,,9.229098673613905
6546.417013505191,,1017.3190282077246,52.86714717888404,66.25516178467223,78.80701055939602,91.42548608728188,103.99184121889535,9.238327772287517
6630.629762432799,25.48175320561,1019.6831966802002,52.92490905571124,66.26377795382294,78.91865269679813,91.39893018606169,103.95969782701263,9.247566100059805
7042.011062252482,25.99907959606669,999.8705046477053,52.38784461472338,66.1782221247477,78.734710393728,91.35588601302184,104.03412518734959,9.256813666159864
6563.570546546564,25.395287386456555,1021.4429917830239,52.97150351185242,66.4420783457334,79.10178420988574,91.58054930042012,104.22949188130066,9.266070479826023
6796.047562569963,25.692268292550388,1017.4603399432119,52.868178209299366,66.44240443586393,79.0598052334069,,104.21852975282707,9.275336550305848
7088.371901383404,26.05624047725829,,52.95678151166666,66.25660123627105,79.24365390269655,91.71283692257727,104.15449922618815,9.284611886856153
7170.68192205649,26.15642848454802,,52.837920814789335,66.33376692968199,79.10473647075838,91.76275896012389,,9.293896498743008
,25.875946387382225,1032.8064467002316,53.27301897924805,66.21590222581646,78.99861569194235,91.715145350902,104.29249618940662,9.303190395241751
7113.850301259734,26.087060037695178,1030.8569844427514,53.22341109175858,66.31106938572576,79.0960695668017,91.72544148063818,104.45662047087885,9.312493585636993
7167.9466161796145,26.15340824511958,1040.6616993282773,53.4863976634301,66.26565604404306,79.00257576661132,91.65479669856252,104.3428706384026,9.321806079222629
6857.825007170187,25.7700686665882,1023.6424012915829,53.0343513020601,66.17465421483898,79.17699490722104,91.7860317639503,104.18988814207178,9.331127885301852
,26.201226013862914,1026.9720079862454,,66.2358028141841,,91.9224399146343,104.46440992293043,9.340459013187154
,25.735781341344495,1019.6148236483943,,66.3319957296212,,91.9307057901886,104.2041734829265,9.34979947220034
,25.608736372165325,1036.3896080001225,,66.612477279719,,92.00409460103721,104.55733851914381,9.35914927167254
,25.74451283354784,1024.1096798602598,,66.45134658952426,,,104.74660240592492,9.368508420944213
,26.031106945091164,1037.9184217163177,,66.33474756500377,,92.08037930646225,104.58109144113689,9.377876929365158
,25.8797363506674,1025.6153407463796,,66.42427281944296,,92.07727858683342,104.50742762019523,9.387254806294523
,26.261096142560707,1025.098966125582,,66.33545836513352,,92.21195278798328,104.71965866276277,9.396642061100817
7139.33765001425,26.118441478415303,1027.6218480754935,53.129685758350305,66.4212901136642,,92.16388046780675,104.73599604094625,9.406038703161917
7272.67130505585,26.280307932596152,1049.8863512668165,,66.45132235013095,79.37546478693409,92.33650026262063,104.6790632945314,9.415444741865079
6866.2205863426325,25.78027735932015,1030.1787516142056,53.200991038797646,66.52074380877615,79.48979599244586,92.14532116194745,104.77460412644207,9.424860186606944
7015.557526993639,25.96614231457993,1043.0435867351407,53.542891703466466,66.25710302904186,79.3685909901289,92.28396594644148,104.80791613655343,9.434285046793551
6933.364424937213,25.86426144280708,1044.155486419233,53.56928910872101,66.44140530807923,79.34199987498786,92.21051960675985,104.79169423630766,9.443719331840345
6763.61411453389,25.651172675460693,1045.4075323367888,53.60438170203775,66.43336780455412,,92.20195879830258,104.7708747542016,9.453163051172185
7224.220275639275,26.221177596083365,1031.5174495434976,53.23582487097146,66.45724717783135,79.58988258187082,92.2485678306693,105.1137283044255,9.462616214223356
7351.051331598771,26.374318765011765,1049.9495736783238,53.7236228944011,66.50757660078992,79.6611295787151,92.49913679014561,105.17500655202055,9.47207883043758
6950.722075607017,,1040.9215968937056,53.48483309046385,66.74811018548475,79.44005774123362,92.41649556088966,104.97152135875223,9.481550909268018
7276.799632710574,26.285184962219127,1050.8984297215216,53.74864489064597,66.3582596072776,79.47163080380321,92.62021201727839,104.60570203459295,9.491032460177285
7346.843545755028,26.369897327172826,1049.7317731108283,53.720434449795874,66.6724280220829,79.53200884803194,92.47979822883622,105.18326054228328,9.500523492637463
7037.457050738823,25.99310094554354,1044.754903470364,53.58714325550477,66.48257709453807,79.5081466306247,92.66506459347512,105.10994348064857,9.5100240161301
7227.322966060627,26.225392352938762,1034.8370230804571,53.32564864128247,66.5192042377617,79.84684561105608,92.63877786808851,105.08299483384587,9.51953404014623
7333.451046651525,26.353352581684938,1048.226722750893,53.67971727712284,66.66071780228114,79.54054247660991,92.5749733771315,105.27240321536584,9.529053574186376
6812.6614675277315,25.712722805555295,1047.6286187234864,53.65566413132858,66.81827771974692,79.66264646951876,92.77262450488146,105.22104233467518,9.538582627760562
7153.545028460359,26.135559404352918,1044.9775453469088,53.58645595069732,66.7340655945193,79.66116414535104,92.50154553735509,105.2842975190825,9.548121210388322
7013.975244576291,25.964556199191854,1046.0099140876366,53.616853288959604,66.67948630566714,79.92142621762713,92.82466884174592,105.29969052680728,9.55766933159871
,,,53.52678888220171,,,,,9.567227000930309
,,,53.99784097124157,,,,,9.57679422793124
,,,53.64432743039831,,,,,9.58637102215917
,,,53.51493291686536,,,,,9.59595739318133
,,,53.64148014310355,,,,,9.60555335057451
,,,53.70256447907099,,,,,9.615158903925085
7172.151782084476,26.158052216811242,1040.885385523424,53.47346232519896,67.05534759586098,79.72864322808398,92.94125043128656,105.66705821872775,9.62477406282901
7649.339240669911,26.726998999115757,1055.6905526355174,,66.66233076667002,79.97092794320297,93.0248478948338,105.67725902085417,9.634398836891839
7573.554143834147,26.63824633382949,1053.182619845435,53.80007019653625,66.76575216010704,79.97021755257212,92.94862388198885,105.85603905392347,9.64403323572873
7212.679781819642,26.207478682900827,1060.6161246456772,54.00154921920519,66.93260358854776,79.90490112948962,93.0161919346243,105.77829856439844,9.653677268964458
7732.372677163188,,,,,80.05748604459714,,105.84824286594773,9.663330946233422
7503.117129343201,,,,,,,105.63105174523596,9.672994277179656
7043.5767418202095,,,,,80.09873617767154,,105.7706134936546,9.682667271456836
7220.457367194682,,,,,80.11040326345979,,105.76941720308972,9.692349938728293
7729.551329176015,,,,,80.31328360922919,,105.887596631619,9.702042288667021
7710.680196436405,,,,,79.92877882144636,,105.87080308359626,9.711744330955689
7559.825452247405,,,,,80.22738005657175,,105.93102399271189,9.721456075286644
7308.967353614581,,,,,80.2710885419618,,105.95250144189595,9.731177531361931
7145.384229701294,,,,,80.38155406767892,,106.10971593613979,9.740908708893294
7637.018242001074,,,,,80.28732429901689,,106.1020200672868,9.750649617602187
7569.045254575652,,,,,80.43517154820987,,105.9344639873902,9.760400267219788
7676.505464716586,,,,,80.50457273698055,,106.15990911668078,9.770160667487009
7863.303032422666,,,,,80.39008534583773,,106.19956153707774,9.779930828154495
7237.158363688314,26.23707501898153,1060.918683534132,53.993355766025985,67.26655640010887,80.51155725432965,93.45815096411853,106.29561419627281,9.789710758982649
7240.90942668085,26.241529952091952,1063.5502811063238,54.06895861244383,67.1955563128613,80.44764347387864,,106.26627621122088,9.79950046974163
7756.843097002951,26.851583033653224,,54.323712453723765,67.34950096626072,,93.46931195324862,106.32814984791621,9.809299970211372
,26.317144994319108,1087.975332570128,54.710873606147366,67.13002214690827,80.46119724667136,93.51448626155614,106.32699425445377,9.819109270181583
7673.633187995359,26.754903702420624,1063.3978113870503,54.06212404114798,67.18215537649473,80.55216778648982,93.26413688821617,106.48740196325103,9.828928379451764
7624.015882860498,26.697036371147068,1081.6492917808666,54.53801775961606,67.60197725042893,80.41180374422206,93.55794931981428,106.44468060830106,9.838757307831216
7404.988762714352,26.43849630278818,1075.781375172276,54.38847514352573,67.51602335580874,80.41477661724464,93.34087568797305,106.52443554773832,9.848596065139047
7743.104683563731,26.835718001648605,1082.9759413899735,54.57310685555159,67.6226946013258,80.49687671004469,93.80611686355951,106.5686100513141,9.858444661204185
7432.47652164947,26.47128993145412,1068.7101484660996,54.198126607338416,67.47067567396725,,93.75929640602911,106.53036561276507,9.868303105865389
7285.598541066079,26.295255284761307,1080.635246183421,54.514485742784565,67.46985051701151,80.6482116445706,93.78020799629553,106.64862762511405,9.878171408971253
7869.4482014504565,26.98077909056029,1076.0654987187793,54.39199982859657,67.35188640142457,,93.80775292731597,106.61416035058635,9.888049580380224
7836.877482189911,26.94365386715683,1080.8552484132165,54.514684834901196,67.46717610670801,80.76359348781949,94.15941874337398,106.95610231636044,9.897937629960603
7740.432153454342,26.83260921187691,1080.0142361617281,54.49766576986922,67.54186686317308,80.76414663076817,93.56812114901992,106.54491569680044,9.907835567590563
7877.313795491567,26.989866223405915,1068.7078414667758,54.197578295584464,68.01821359695536,80.64048363613385,93.62372454179607,106.80695087951452,9.917743403158154
7659.271328860096,26.73812532921509,1072.0866380997725,54.287148636572034,67.45450742768026,80.75962089517468,93.84732109976649,106.93578540279572,9.927661146561311
8145.016546220199,,1078.972368387055,54.47110250516769,67.4933296714395,80.77182711731221,93.7343480847805,106.9563612317656,9.937588807707872
7763.877645474821,26.859450016162207,1083.6131409007005,54.584952492600195,67.56487870998076,80.86547893670702,93.7985388741772,106.05062951556951,9.94752639651558
7355.045008587502,26.378924630758892,1080.4885912822133,54.49813369928898,67.76654509685147,,93.87582856367023,106.8151061171309,9.957473922912095
7524.869901655764,26.580507041877325,,54.77821244583775,67.57729369172425,80.79199322474742,93.70063344856572,106.98169922070184,9.967431396835007
7890.752726265499,27.00527146725874,1080.1974726472504,54.494416161555336,68.10551481451867,80.78838023218404,94.12706989868857,107.12794102357064,9.977398828231841
7410.0493711733425,26.444442926176276,1094.8415805181692,54.88081307095124,67.88143691422269,80.74016847048979,94.14523210264572,107.05709785765657,9.987376227060073
,,,,,,,107.01695924839649,9.997363603287132
,,,,,,,107.20331474093825,10.007360966890419
,,,,,,,107.2216260884769,10.017368327857309
,,,,,,,107.21849919158267,10.027385696185165
,,,,,,,107.21822156073455,10.03741308188135
,,,,,,,107.19317065901107,10.04745049496323
,,,,,,,107.30033863394861,10.057497945458193
,,,,,,,107.36399773967209,10.06755544340365
,,,,,,,107.52236555398379,10.077622998847053
,,,,,,,107.39240185176864,10.087700621845899
,,,,,,,,10.097788322467744
,,,,,,,107.55453125792063,10.107886110790211
,,,,,,,107.38818667257505,10.117993996901001
,,,,,,,107.51835431753558,10.128111990897901
,,,,,,,107.72443065716149,10.1382401028888
,,1081.4086318466502,,68.1469099917152,,,,10.148378342991688
,,1091.4708386297737,,68.25854659304818,,,,10.15852672133468
,,1105.2260563602986,,68.08542046883268,,,,10.168685248056013
,,1109.2748189565566,,68.12886693305522,,,,10.178853933304069
,,1096.0061176627928,,68.36202965343925,,,,10.189032787237373
,,1085.9996121687989,,68.33948112188918,,,,10.19922182002461
8112.038557205738,,,55.429548113185184,68.58850881291934,81.4494744876006,94.41742500191924,,10.209421041844633
8064.124403080064,27.20174763101742,1104.3163762426473,55.1095562682608,,81.49416937289011,94.3579162824116,108.01428313393,10.219630462886478
8335.778693710086,27.504611700460178,1094.3816900831048,,68.55754853411268,81.462745336517,94.33675112539464,108.03337501510546,10.229850093349365
8116.136472392958,27.26014304033269,1111.0845259798382,55.286080287034316,68.53363886152458,81.5006569690946,94.38476789957593,108.13831898714659,10.240079943442714
8038.879478374921,27.173071283262814,1114.3436628245015,55.36382693251653,,81.49328996939542,94.36563888145173,108.16841543746706,10.250320023386156
,27.111799486619592,1118.3423422693713,55.46779711686911,68.62635975045869,81.62226776651946,94.5878610128145,107.97341690166348,10.260570343409542
7890.820734231248,27.004937424844776,,55.27801952204012,68.63717865001084,81.53490972583562,94.52247432787361,108.09918150706255,10.27083091375295
8040.000050290304,27.174477335162642,1118.823827666967,55.47569636904177,68.72139155950259,81.62370530279726,94.48521571125264,108.0910567331849,10.281101744666703
7865.967112862786,26.97667256155876,1102.9657921065855,55.07186150947708,68.37734316455816,81.67259600003115,94.43361728122304,108.3227695298449,10.29138284641137
,26.956551636720285,,55.197540594718966,68.70153831312828,81.78783613090928,94.47595355320203,108.58254903487585,10.301674229257781
7922.0136090254955,,1106.5127683207716,55.16251526912382,68.6600422458301,,94.34561235948595,108.12950908011847,10.311975903487038
8075.736031484656,27.21491617466013,1114.2356629933947,55.36019123268693,68.72406659425003,81.63065639580743,94.60547809248986,108.49741871270052,10.322287879390526
8127.906626030039,27.27331516965163,1099.210906029993,54.973037120732904,68.5938249320532,81.6304769490723,94.66920244270788,108.46518861763666,10.332610167269916
8090.545513720054,27.23152730232612,1117.3211809311265,55.441144839663885,68.81459243473259,81.70823414439413,94.60105087169202,108.47370687360593,10.342942777437186
8027.7492005880495,27.16067234860904,1104.1897044062196,55.09649503327016,68.63420149615268,81.79233172893069,94.68149416999333,108.54582733286527,10.353285720214622
8450.736633518762,27.630249192360292,1117.4727188679492,55.44649036623373,68.8855203379633,81.91557089263156,94.57132680037931,108.76735434152668,10.363639005934836
8386.316919725792,27.55979957854061,,55.5837114993649,68.86181362142652,81.90801364155195,94.67815711026216,108.602377462891,10.37400264494077
,,,,,,,,10.38437664758571
,,,,,,,,10.394761024233297
,,,,,,,,10.40515578525753
,,,,,,,,10.415560941042788
,,,,,,,,10.42597650198383
,,,,,,,,10.436402478485814
,,,,,,,,10.446838880964298
,,,,,,,,10.457285719845263
,,,,,,,,10.467743005565108
,,,,,,,,10.478210748570673
,,,,,,,,10.488688959319242
,,,,,,,,10.499177648278561
,,,,,,,,10.509676825926839
,,,,,,,,10.520186502752765
,,,,,,,,10.530706689255517
,,,,,,,,10.541237395944773
,,,,,,,,10.551778633340717
8475.603872620351,27.657251231954323,,55.668187741565674,69.34678468558762,82.16166368073799,95.26401529182733,109.25581187142542,10.562330411974058
8411.026928906811,27.58656282331657,1112.7863506262365,55.31337643907306,69.38860156287959,82.25989042901121,95.41603656751865,109.4143132513311,10.572892742386031
8056.040559591105,27.192220358420105,1137.1416683567259,55.93368335096876,69.38840554286011,82.23999237565889,95.24347029532545,109.29939146290101,10.583465635128418
,28.045394504586216,1120.8208970722653,55.52289903699995,69.21259190481526,82.41261976981582,95.46087349005724,109.4883025850069,10.594049100763545
8744.539935392022,27.947150515786106,1134.5785176115878,55.86985617437589,69.61728153120323,82.48704791070381,95.49717699018898,109.3989202805519,10.604643149864309
8831.637048984814,28.039610225378887,1127.5851518098357,55.69132768226936,69.4193196077334,82.5357673967513,95.53574884879598,109.45022649641204,10.615247793014174
8497.031482596394,27.6803691458014,1139.618933508098,55.9962278836149,69.64153584456349,82.39935302207002,95.57635417495752,109.62498625598668,10.625863040807188
8345.855858721534,27.515126220781486,1124.712606417041,55.61339366987734,69.68681953815192,82.43948436865995,95.62717932766701,109.62460521464347,10.636488903847994
8459.481102520424,27.639660545489072,1133.0365967259295,55.83202902550311,69.62064476761444,82.62958464874765,95.67116949335228,109.48625216480546,10.64712539275184
8793.557244619495,27.999182768329877,1127.540229266349,55.68624050927886,,,95.53635319228765,109.5869107272663,10.657772518144592
9042.650546197841,28.261439262561463,1134.645197486539,,,,95.98681432307409,109.72177943651451,10.668430290662736
8452.847455500869,27.632114377402416,1123.7164976550466,55.58398180242564,,,95.80557390039485,109.72619599546333,10.679098720953398
8537.092753340537,27.723639789736552,1126.6394318894318,55.65834375586301,,,95.90844168542641,109.89508361246824,10.689777819674351
8717.720809629243,27.91832618822956,1130.90107578661,55.7714064307545,,,95.75465122948911,109.76067367970434,10.700467597494026
8418.4063013737,27.594514679814647,1130.9158906893485,55.76865721800679,,,,109.9507870790687,10.711168065091519
8369.244277843378,27.54081847549557,1135.8582186242065,55.89538241426773,,,95.97748205564284,110.01852798987927,10.72187923315661
8503.156658946724,27.686935940703638,1132.4749880558948,55.810824677561115,,,96.11499814161711,110.17368643212723,10.732601112389766
8396.670188605352,27.570324415837597,1129.38761989981,55.72351908568078,,,96.10930581408236,110.11947037795024,10.743333713502155
9023.222736668804,28.241113366184727,1129.6425239227403,55.7386609449615,,,96.14144567115731,109.94926298831442,10.754077047215656
9020.994156347317,28.23878959783265,1142.1296899986644,56.05271285280603,,,96.2434534024925,110.20068707548846,10.764831124262871
8816.016747412514,28.022975798113716,1147.577511662568,56.196522823659585,,,96.17614166701004,110.26682158472774,10.775595955387134
8960.730020652616,28.175654467694685,1149.9944019976365,56.25306281041805,69.68749890094863,82.81885026373497,96.161249447079,110.19796309915776,10.786371551342521
8812.815465471189,28.01950842030612,1146.2317206629277,56.16053780429841,69.81538935196185,82.8381521866983,96.33655145411169,110.29443626627177,10.797157922893863
9051.696794071835,28.270871089402476,1141.0710712116406,56.02929017113976,69.79623855460554,82.82378106360373,96.34363183984264,110.29086542734424,10.807955080816756
8746.754612714372,27.949305630102668,1138.0087780474428,55.95355443859302,69.79160327301243,82.92321508232428,96.5024760152496,110.447144455453,10.818763035897572
,,,,,82.9101936441719,,,10.82958179893347
,,,,,83.09997070726787,,,10.840411380732403
,,,,,,,,10.851251792113136
,,,,,82.8655487034987,,,10.862103043905249
,,,,,83.22220745000169,,,10.872965146949154
8990.388366647896,28.20655641852455,1155.2974226422837,56.382570481765754,69.86575685215442,83.188549068572,,110.75688926716929,10.883838112096102
8641.616467536525,27.836488340603733,1136.8078956159363,55.91447952549244,69.9776517857462,83.00941899078427,96.80935055440285,110.63015330936032,10.894721950208197
,27.89938631334418,1148.2618388706037,56.20676281250384,69.83111157382962,83.13931976028032,96.84263464390853,110.61108002639749,10.905616672158406
9392.663794498247,28.62163488607848,1158.4223707544497,56.46053062444738,69.80617158392337,83.03864338211373,96.5618824261462,110.53910616584825,10.916522288830564
9143.049629368652,28.365603794101617,,55.98744250592978,69.86622305097211,83.24666285620687,96.81437261303245,,10.927438811119394
8923.980159826198,28.137024327802923,,56.060419538094266,70.1556733286176,83.0708240684704,96.83465247985603,,10.938366249930514
8706.815695053156,27.906253350719947,,56.6305683393663,70.05778788102536,83.33707832440757,96.92422806380681,,10.949304616180443
8586.256253029867,27.776612941805872,,56.39112524347034,69.90356212521621,83.23968204479709,96.89928938542269,,10.960253920796623
9123.644817079887,,,56.3509050445959,69.96142365051972,83.18419902057256,97.19981151421231,,10.971214174717419
8805.219680941038,28.011206143179855,,56.6327454237374,70.13698230040674,83.27886218583238,96.9599913236222,,10.982185388892136
8972.290613600195,28.187773619950917,,56.25266202515089,70.28785629555533,83.31860161369585,97.00008135092614,,10.993167574281028
9476.872619059204,28.706637267969317,,55.97691855774114,70.08654883779138,83.31291490946961,97.14286297300531,,11.004160741855308
8929.223606245474,28.14238996301674,,56.729834789124716,70.08610005478106,83.33013866018429,97.14623602969971,,11.015164902597164
9059.456524391651,28.27870972774603,,56.37210864562735,70.44718583635368,83.42191701540068,97.34353776408844,,11.02618006749976
,28.5696843304042,,56.91781175320705,70.17439162767558,83.42123689943844,97.15728266891591,,11.03720624756726
8995.852822361961,28.21217328923843,,56.4838866966721,70.19729499898297,83.5256219715635,97.25574552578696,,11.048243453814827
9244.772453282823,28.470391601564184,,56.150257394037695,69.93054265614533,83.71597478201095,97.43625950923995,,11.059291697268641
8937.180290122418,28.150492011090904,,56.59798355301504,70.10887390498839,83.62570355904977,97.36912087319261,,11.07035098896591
8830.73890801179,28.038310541005604,,56.31353707513884,70.19442889061271,83.46589724121469,97.60672760736715,,11.081421339954876
9004.78391969408,28.221493283669787,,56.74832287191903,70.20544747940366,83.67406093557636,97.7215894303733,,11.09250276129483
9516.69629296165,28.747322553482622,,56.662642427314914,70.33663897680151,83.71602030219789,97.51448187064729,,11.103595264056123
9111.642374344288,28.332804655432813,,,70.31020456624421,83.48469596468256,97.73531902378434,,11.114698859320178
9032.686638790019,28.25057110353986,,56.546721017673235,70.29049517501367,83.76382984748359,97.86263340236489,,11.125813558179498
9221.374074509167,,,56.63414637770503,70.18261424479044,83.67379114967635,97.59009804617506,111.81935109114956,11.136939371737677
9161.127242297678,28.384194292197712,1166.0984626185282,56.64921432322966,,83.64300881981721,97.9893458574992,111.66428658838545,11.148076311109413
9589.21581820617,28.820255586340483,1174.0235075740836,56.85078353401546,70.25430556460157,83.70822104980195,97.79386689177058,111.7083412821393,11.159224387420522
,28.3605200588236,1171.8589389299484,56.792522240110365,70.28015812816068,83.74390525953176,97.82542129272758,111.66527507935189,11.170383611807942
9279.490698481106,28.50586946054032,1160.5182343864738,56.50617989692866,70.38587994077699,83.81517224277704,97.91651255660139,111.8709636840502,11.18155399541975
9186.219491125985,28.41002351890873,1154.688811814848,56.35788988649392,70.25130190783776,83.55763087023239,97.84893375375182,111.78902377883439,11.192735549415168
9642.348655927935,28.873478218837782,1156.5580797125917,56.40510592493023,70.4424672935675,,98.01040767042694,111.81305212970693,11.203928284964583
9046.22966869776,,1158.5601186240845,,70.38501091767849,,97.95306919757282,111.89326611510587,11.215132213249547
9674.874769219094,,1170.2162506594295,56.75227313895175,70.6603927850137,83.90961068540275,97.93662307925327,111.97726316872271,11.226347345462795
9227.37239460579,28.452347303792962,1160.306704453747,56.50227022053743,70.40697769645332,,98.30116998550231,112.1548411997969,11.237573692808258
8990.02518545825,28.205872086427078,1152.212673001707,56.29351991110775,70.43949465704013,,98.20927325620266,112.07556261359333,11.248811266501066
9373.789965011465,28.602269480042615,1157.8184709590143,56.44272305972938,70.67587303903588,84.0433982365431,98.25819801784442,112.10207383193242,11.260060077767568
,28.667663517084875,1165.5863938182051,56.64047003244421,70.75924927845645,83.94141317355812,98.27848343612419,112.03815031117855,11.271320137845334
9490.729386703071,28.72096017922986,1179.4343150583366,56.983216592475124,70.76259189220463,83.94039325807813,98.78784061881579,112.19505495876042,11.28259145798318
9604.650233012486,28.835727827684902,1158.003691077006,56.43794480649711,70.54369546319535,83.97820642104153,98.13317168405639,112.12651307912185,11.293874049441163
,,,,,,98.47227482341015,,11.305167923490604
,,,,,,98.39413564255699,,11.316473091414094
,,,,,,98.35749363094634,,11.327789564505508
,,,,,,98.50194847918769,,11.339117354070014
,,,,,,98.51953539418963,,11.350456471424083
9179.59282824793,28.402967029067522,1179.2182328042365,56.97985239067993,70.39840658523174,,98.46139568062658,112.51406329543634,11.361806927895508
9573.234347629625,28.804010421187673,,57.026842996485264,70.58138336185081,84.24690135912047,98.48558888109312,112.58528673866508,11.373168734823402
9214.412786414068,28.43888893756849,,57.29366162799727,70.53335270721412,84.25634825965932,98.40952404002755,,11.384541903558224
9677.215347129433,28.907919848299887,,57.14636263634876,70.49952033708493,84.3327926296178,98.58238998868521,,11.395926445461782
9594.619870694101,28.825471698091082,,,70.55979733590486,84.34866700227631,98.66213219936819,,11.407322371907243
9644.782547711713,28.875683073692944,,56.68065037259612,70.68711184128537,84.37831445556871,98.76042643311122,,11.41872969427915
9788.561628846306,29.018766450606527,,56.797644441368384,70.58166649147061,84.55993634417851,98.75251861845715,,11.43014842397343
9443.820028287788,28.673204199804342,,56.9517987076324,70.84796606774914,84.4645643294242,98.62773745207618,,11.441578572397402
,28.941668834525533,,56.907035848388986,70.811234730815,84.52840709116737,98.67024803209756,,11.453020150969799
9522.863059373964,,,57.161767378400775,70.70914182203249,,98.6909506281063,,11.464473171120769
9820.456672436732,29.05024883918669,,57.330020082375476,70.60425208926078,84.3735884152117,98.76597427659725,,11.47593764429189
9386.182885359105,28.614750956064384,,57.1846613833675,70.70058851803375,84.41884056880252,98.56441641428746,,11.487413581936181
9764.752322642818,28.995037964813765,,57.10831561497162,,84.51382439131139,98.87396455841,,11.498900995518117
9598.351129208511,28.82905845072929,,57.47397850312048,70.85246710779576,84.47863468413519,98.90195203538154,,11.510399896513634
10004.432924656365,29.230331552063767,,56.688963600970865,70.79011412278726,84.72763695815381,98.7949314542163,,11.521910296410148
9396.194923315365,28.624875233472785,,57.32688938862638,70.66930832564553,84.67627797381132,,,11.533432206706557
9695.496595974553,28.92608795786948,,56.811925349108805,71.01410686571002,84.63213396117158,98.91522679489738,,11.544965638913263
9869.729349813786,29.09850866676373,1194.4025301951751,57.353011419660774,70.79287724546771,84.65956254789492,99.0152357927373,113.33576595796433,11.556510604552177
9739.23382341875,28.969413434794518,1200.7982695711478,57.5116914539374,71.07191000133713,84.80437212304601,98.98044300839669,113.3855484724435,11.568067115156728
,28.856591830532604,1193.1836761843483,57.32211024428486,70.66063602908811,84.81251216796977,98.91702367744826,113.28183432994912,11.579635182271884
10023.079996816792,29.248575720313546,1183.0915817841649,57.06794851316438,70.6485810725525,84.82416480598447,98.94255624122822,113.47304039126165,11.591214817454157
10081.484768407216,29.30546853699705,1191.6082502354043,57.279493696041854,70.91680539411713,84.7330588722543,98.97341108604456,113.2467194904586,11.60280603227161
9471.0151520729,28.700671198519515,1180.1360567677912,56.99300249005061,70.85777137556536,84.70900226495192,99.0261688952332,113.48168262873229,11.614408838303882
9669.054152181296,28.89938244907458,1191.5318544528484,57.27891905834762,,84.95999614615367,99.1850768886132,113.54455667546719,11.626023247142186
10003.412555251434,29.22967817741661,1191.5844061824723,57.27719279691608,71.05833835585538,84.91700390846025,99.21997057169067,113.30699427438736,11.637649270389328
9561.980933946308,28.792415471943816,1181.8075419026675,57.03596305450793,71.08206474206358,84.9847708770781,99.05270439172664,113.68292510683673,11.649286919659717
9630.55204592722,28.861025742101607,1178.0966218913065,56.943865944298345,70.9642057170614,84.91042343633387,99.07116244307946,113.57401643638899,11.660936206579377
9850.613683823261,29.079568285459416,1198.8979813896708,57.457981811133926,71.2497643142488,85.00882745656936,99.03638343053042,113.67877659904782,11.672597142785957
9562.531066255071,28.793025255440572,1183.091808152228,57.06458236521283,71.20054689740236,84.93133372717921,99.3123066197001,113.82027670652461,11.684269739928743
9502.219326593806,28.732117353768846,1188.9949972895265,57.21378457827422,70.94749243685278,85.10298935681426,,113.74750965347289,11.695954009668672
9301.383772502715,28.527975176572937,1194.914540299317,57.355772030037805,71.13014813410129,85.11689651629402,99.42248485935292,113.93321671741717,11.70764996367834
10054.68232145139,29.279474736909226,1191.846769476882,57.28079502783453,71.08122048997387,84.84481458311048,99.33459931149244,113.88660096635833,11.71935761364202
9476.397513574657,28.706110907940293,1180.687272279691,57.00583609405911,70.70241055268632,85.01691683239336,99.25566692112177,113.86822984244327,11.73107697125566
9658.555525746422,,1190.9982278923876,,71.10991667166765,85.1689419754056,99.61884177813933,114.17498579466408,11.742808048226916
9954.58678605995,29.181533220696945,1195.209337513457,57.36029270230049,71.21411233215993,85.23192617927191,99.42555727867834,114.07014164263663,11.754550856275143
9701.84508305156,28.932162322246857,1212.8892320950438,57.81770739771925,71.16683384199217,85.20772813305888,99.28096424871777,114.23638621501871,11.766305407131417
9638.693096534273,28.869327451164388,1189.577386785037,57.225269729669556,71.08605423083208,85.2387596165541,99.15599423990435,114.12078030189136,11.778071712538548
10263.623356411486,29.48085498043828,1187.9522966934937,57.18375380129873,71.02738826766553,85.30926760413395,99.43034668031896,114.37701828219761,11.789849784251086
9893.402041958405,29.12160862736557,1189.1856511971966,57.211776096601405,71.17202932846658,,99.35057689864449,114.36468174544706,11.801639634035336
9871.238052010121,29.09988965728798,1191.5361842933848,57.278818881292935,71.2826436157871,85.54442880724186,99.65377518924188,114.12464459947641,11.81344127366937
10460.287953440733,29.6683061098783,1207.5740467261237,57.66844147496435,71.23295295842925,85.25692585457867,99.4240151963133,114.271463791251,11.82525471494304
9569.944186227036,28.800148425872756,1196.021472193558,57.38139620337188,71.2442293100107,85.35702647800059,99.64700718837564,114.30795588727403,11.837079969657982
9903.073795500854,29.13152795866265,1207.2581522412388,57.66888124000608,71.1197444147273,85.21713854498852,99.58066206843881,114.39001491627822,11.848917049627639
10044.971481807263,29.269911814045926,1204.3355203368592,57.58707100552981,71.30286933780339,85.70704319102121,99.5282860470447,114.39177600469307,11.860765966677267
9740.28588488472,,1193.2806924752474,57.316349025251704,71.02422265498605,85.63146621776325,99.73312776064566,114.19448958348892,11.872626732643944
10289.375205223903,29.505760277672806,1207.3403926608846,57.66757354641291,71.45320218544622,85.47724598173642,99.62275651464873,114.55810864822449,11.884499359376587
10038.020299337222,29.263106379248253,1201.810291465049,57.52409556717134,71.39693835014388,85.73185335919491,99.44207226722581,114.69970453855687,11.896383858735962
9546.915351851276,28.77715193223207,1212.4566567344773,,71.25125186443908,85.5849921929275,99.83120154757147,114.47092577644929,11.908280242594698
10253.673724328291,29.471164935894183,1212.0002094075646,57.78209543396114,71.37295769918245,85.74056552766847,99.70800878334244,114.44681754393773,11.920188522837291
10485.995736298315,29.69258858725553,1199.618385472469,57.475022924178155,71.0818418462236,85.65765271162445,99.68153050640889,114.58390260735722,11.932108711360128
9944.463687956575,29.171746465411466,1205.0022080950414,57.60840627091644,71.26160114580591,85.79380345688165,99.74028678041451,114.4893661861796,11.944040820071487
,29.156592720273704,,,,85.69557956194735,,114.70396533945969,11.955984860891558
,29.646298948189326,,,,85.68307371680454,,114.66532448968849,11.96794084575245
,29.194012107171034,,,,85.73893381244241,,114.65434082946078,11.979908786598202
,29.413448178934956,,,,85.86434982563294,,114.85104953331027,11.9918886953848
,29.543954512912716,,,,85.71290658642594,,115.00161333535236,12.003880584080184
,29.696466774624625,,,,85.86192031707652,,115.20128571804969,12.015884464664264
,29.301394758772332,,,,86.05687420101285,,114.91893755838184,12.027900349128927
,29.300906135242403,,,,85.90916755033108,,115.06583763657798,12.039928249478056
,29.085018315221628,,,,86.11044653464154,,115.15627235205993,12.051968177727533
,29.458944659516156,,,,85.98234350475747,,115.23146606727212,12.06402014590526
,29.63556962483191,,,,86.04884083450895,,115.14379839883532,12.076084166051166
10586.200698833805,29.786874678264663,1222.7337912477483,,71.47086223575369,85.92392698508233,100.23415956771011,115.18161231718048,12.088160250217216
10085.375394041112,29.308961177500407,1220.0786137334221,57.97853384746862,71.46736098238532,85.9326672932444,100.06813463346825,115.39815505177319,12.100248410467433
9815.218393186693,29.044375801728677,1214.8777533718403,57.84075250044992,71.58802238718307,86.11667281571492,100.01186209250965,115.3654221954043,12.1123486588779
10073.44765192762,29.29713625948352,1202.622084458523,57.540185821270654,71.77323561436373,86.13840654509802,100.26635312211046,115.44419760167233,12.124461007536778
9909.168076009304,,1209.7100586759655,57.725165529550814,71.8068183977208,85.91654118669422,100.32576934608922,115.3515810441947,12.136585468544315
9906.23043420849,29.13397092885719,1226.6617386547186,58.137910623811635,71.55535818364301,86.46941468324074,100.40406892298677,115.4289069254235,12.14872205401286
10450.845188946128,29.659106920823596,1213.7089288502127,57.81807112357208,71.66458959404207,86.07657077543566,100.30696016691022,115.47506906982227,12.160870776066872
9928.615441690315,29.155991387920135,1217.1482025314754,57.91504871392086,71.56536057041683,86.19021042412507,100.5061957527467,115.55062973241535,12.173031646842938
10160.225818839273,29.381248775426776,,57.717521758022436,71.79215220893542,86.35491171056518,100.56309220617547,,12.18520467848978
10486.296105284657,29.692782420388166,1220.572331504193,57.98569976941448,71.80344990337701,86.24475124104568,100.44269909995909,115.7994371689588,12.19738988316827
10561.3105461296,29.763409905593743,1228.578919722679,58.179763665857884,71.80965694532043,86.45734995252829,100.77959608008904,115.68591413809979,12.209587273051438
10509.82587210836,29.71485978177016,1233.6580883590877,58.30960617168196,72.25209568824714,86.29607064982939,100.51769952310656,,12.22179686032449
10441.697050180166,29.65044601834594,1207.695582475428,57.66520240596857,71.88676110493354,86.50688020064129,100.81131870773157,115.57228576331975,12.234018657184814
10375.772124072175,29.58779218078722,1212.5226923001644,,72.06354386770175,86.49068560209375,100.63315376066372,115.87993664485973,12.246252675841998
10103.08658660616,29.325988720432694,1204.9016930636578,57.60016432891999,71.97824835985752,86.27877762045344,100.82033920502744,115.5370485512712,12.25849892851784
10641.823119599061,,1214.7372528583894,57.84159473743333,72.15540102243146,86.39865877786467,100.72112604224077,115.94401205189271,12.270757427446357
10620.62701639356,29.819004464356546,,58.40246549219659,71.97310324280745,86.56374383293692,100.73680846183102,115.73530423583487,12.283028184873803
9903.59224279408,,1227.7309112076384,58.160336187306,71.81575823577519,86.53623912002278,100.86333459409067,116.03452301294851,12.295311213058676
10718.69987326994,,1207.359584894132,57.654961116386815,72.0434783972432,86.43377134692398,100.99683039787477,116.00323563811389,12.307606524271735
10249.66342925098,,1230.7594045343594,58.232086911242455,71.47842473992348,86.64967867186368,100.95285946172913,115.98576379479984,12.319914130796006
10034.018483185635,,1234.9578115644895,58.33750816643675,72.08107386899246,86.7044528480808,100.87059349720798,116.10747013692541,12.332234044926802
9933.887043769446,,1223.308714291843,58.05142935643202,72.16782544649695,86.43975833217031,101.19526140907357,116.09569531497867,12.344566278971728
9982.620369410388,,1218.632524408775,57.93260148932133,72.0170765973682,86.70461153349358,101.23264097981986,116.20673190221875,12.356910845250699
10343.571665272497,,1215.499973309313,57.86126255634629,72.10296037000496,86.79058366342854,,116.14059949659132,12.36926775609595
10102.377394877336,29.3251728115291,1223.3632944144726,58.0518078754747,71.89709329530943,86.78764285173764,101.21950088896959,116.2927630241554,12.381637023852045
10085.495758004403,29.30874022744935,1227.9651297823145,58.15851773183159,72.00856774553472,86.77088300628776,101.29590606314407,116.2785955270406,12.394018660875897
10174.144425800183,29.39474033071413,1235.2484385333853,58.33841242832154,71.98947762727366,86.69459658411742,101.41860186204343,116.5975147378933,12.406412679536773
10546.892355627937,29.749799411238183,1231.2085404657619,58.24135423518043,72.14301931415356,86.92320160817967,101.40426418431994,116.55468647652447,12.41881909221631
,29.367753485605956,,57.99633109417842,72.03706164290928,86.85269780747382,101.3489433156766,116.68717906838845,12.431237911308527
10288.299495799432,29.504281160308572,1225.3592944439267,58.09294510461256,72.23025224384367,86.98517803173242,101.375670982173,116.62399713914189,12.443669149219835
10883.441244694392,30.06323550544832,1228.6854536061262,58.17624550263611,72.37723718450451,86.9949628512829,101.34621851471037,116.62406831127761,12.456112818369053
10663.8437820091,29.859396773305374,1230.1628278062306,58.22255040663444,72.08871272426771,86.8356544572666,101.61646144478664,116.71933341063931,12.468568931187422
10919.388035286058,30.096516196302158,1241.9822851212477,58.508410287201876,72.29860797632287,86.79770356456528,101.68979483164689,116.60133433598702,12.481037500118608
10501.525277711955,29.706926188522388,1238.9702441408372,58.42872937169441,,87.12497360445546,101.53518097111804,116.57937450060626,12.493518537618726
10523.234965528682,29.72742338000131,1248.5275705268639,58.66093955313309,72.3924092547041,87.01013263049886,101.77108365563639,116.74333621173567,12.506012056156345
10138.804115308963,29.360558429822973,1238.0247256469104,58.410010420502424,72.47210432051703,87.05523098137174,101.8794805515003,116.6400153069391,12.5185180682125
10341.904318656794,,1231.6538520060649,58.258941725891894,72.52646487506723,87.32754911774337,101.70658928976582,116.85793963622184,12.531036586280713
10584.357316916947,29.78481541583794,1243.7964904774985,58.553543903279156,72.54416350736533,87.35254613729914,102.01796262733748,116.8799990772839,12.543567622866993
10372.972703074054,29.584952005661933,1237.7226705056737,58.401461858795166,72.60572925794544,87.30607945597622,101.86913559651548,117.01763930028693,12.55611119048986
10402.564613607252,29.613070430578095,1233.7046225140646,58.30358839162539,72.61186679589892,87.1557230056498,102.42913067683348,117.05236457717555,12.56866730168035
10809.980413993906,29.995387295162676,1251.4546941166436,58.73313832679901,72.72213017920002,87.5783076443429,102.22806105529227,117.11134065885894,12.58123596898203
10563.353550493133,,1247.1658765316527,58.62980523609433,72.30916377704624,87.21533303232545,102.08480593991973,117.10674722981547,12.593817204951012
10414.10081841658,29.624013735810216,1235.7058940473325,,72.67123700103444,87.23523362584092,102.49307657009936,117.17283976760908,12.606411022155962
10211.371367623402,29.43050165597807,1234.3880030492207,58.3173078117417,72.47287548238702,87.33018908745235,102.44286905349216,117.15394215683432,12.619017433178117
10475.450737184046,29.682096751181735,1252.6241995455362,58.766672124096665,72.50211551870146,87.093069208009,102.22885988002025,117.35789055855138,12.631636450611294
10493.681968165909,,1237.4300855467131,58.39188976487224,72.51411889099329,87.39250997578382,102.45399090929992,117.2440306324431,12.644268087061905
10810.811227334152,29.996104028113546,1249.3519494431475,58.68090214441038,72.71516565922474,87.81801027690918,102.25164959962052,117.31259344512367,12.656912355148966
10733.660622603136,29.92443000575314,1255.9098437007758,58.83660894085138,72.66667820182666,87.51849921678648,102.41953447921027,117.07229833651614,12.669569267504114
10977.653169306413,30.149920781672364,1238.7622798704517,58.42056388306344,72.83323208103715,87.5568581901674,102.60953696142751,117.26447052115648,12.682238836771617
10658.623924154552,29.854400822983056,1246.8114883983496,58.62241526550123,72.78537684883558,87.6762978779829,102.52556623971086,117.42370680557924,12.694921075608388
10400.812381294825,29.611484808603016,1238.4644824133563,58.413132343942166,,87.46365274527456,102.72104257885462,117.55850809836213,12.707615996683996
10356.310492737703,29.569048079033244,1242.7006161714346,58.51717841693871,72.84813356842177,87.6689731718554,102.74058529738976,117.53520597529437,12.72032361268068
10422.915764522364,29.632422315143675,1247.1538363463837,58.62958169145083,72.73753459937527,87.85128200801758,102.58664031111817,117.45878935034423,12.73304393629336
10158.607800018055,29.379301718615288,1252.7671799949517,58.76262041863652,73.0500945978443,87.68064003845254,102.77607801022486,117.62876849778723,12.745776980229653
10137.478462516192,29.3589185847863,1256.926759507139,58.8653217150615,72.93290346623459,87.84697404695953,102.6639295050846,117.65174723288885,12.758522757209882
10923.09313032272,30.099655220657002,1246.5602324917534,58.61662203746467,73.2136476210116,87.62014482388629,102.91751484334738,117.8662165385462,12.771281279967091
11144.281194957948,30.3018064441466,1246.4326230813242,58.60680450002738,73.3066595905476,87.88164916888664,103.00204528858359,117.71325348532491,12.784052561247059
10454.350857182671,29.66210348509591,1243.0946918007369,58.52218855789058,73.03652062921671,87.79357959307578,102.92011275269982,117.64880235629005,12.796836613808305
10423.925707198028,29.633282846837933,1254.4711520671754,58.804181246337606,72.95516392506254,87.8332303365693,102.9493837921189,117.51837224275825,12.809633450422112
,,,,,,,117.97427915753396,12.822443083872534
,,,,,,,117.87481505994798,12.835265526956405
,,,,,,,118.00133994832261,12.848100792483361
,,,,,,,117.97236146555623,12.860948893275845
,,,,,,,117.81736134141073,12.87380984216912
,,,,,,,118.0413514366446,12.886683652011289
10477.3436225854,29.68395075360281,1247.3144836356416,58.626162720868884,73.33687614935843,88.02457165405741,103.34742589639767,118.1850216368115,12.8995703356633
10815.467378456335,30.000196666661957,1255.2932215787139,58.82461097134788,73.5575769798234,88.14368911292486,103.29766720078021,,12.912469905998963
10422.489049844507,,1254.4519105712034,,72.9548400078546,88.15611591290518,103.3887276155539,118.07847860020145,12.925382375904961
10490.737538554618,29.69651612301949,1243.1632489316855,58.5225083660779,73.43145747596606,88.18700910649011,103.66441615658691,118.27412052867695,12.938307758280866
,29.594571219297706,1266.1280011687988,59.08556076588624,,,103.49538389329035,,12.951246066039147
,29.658900054785924,1248.3643950998944,58.65085321436895,73.21434337888961,,103.41439901210897,,12.964197312105185
,30.05206241651089,1261.2456114289143,58.96300728962999,73.35210771106058,,103.5704503836089,,12.97716150941729
,30.277010915903578,1267.9151875279317,59.127819635075525,73.47440679022334,,103.6722637597304,,12.990138670926706
,30.253053720820667,1261.0424964401107,58.95734417068562,73.41436136078637,,103.56488242461883,,13.003128809597632
,29.93315667127713,1269.0530339410643,,73.78207970359423,,,,13.016131938407229
11097.181711472851,30.25892890977986,1263.9482209313308,59.02732991661521,73.67783318636465,88.38044194845588,103.57896173838436,118.43334887745739,13.029148070345636
11166.769551905563,30.32225987625603,1268.148418330768,59.12980648193341,73.70969517567303,88.48121182506773,,118.55082086007867,13.042177218415981
10826.325431827709,30.010228319867075,1264.915719397716,59.05308104114752,73.73184281107655,88.4871308694413,103.65015215206634,118.56373252178052,13.055219395634397
10958.52197157698,30.13212802607404,,59.25603588900479,73.87041275429375,88.38246356770041,103.71457184130104,118.66777867012604,13.068274615030031
11222.032483867557,30.37202596099724,1265.0116885267244,59.04928212482744,73.62575003305935,88.36739038440956,103.82225332774553,118.8444565911441,13.081342889645061
10988.526558771946,30.159580084123863,1258.1827710098726,58.89005711864926,73.69674524703836,88.46311111683421,103.81263356724338,118.82971224421108,13.094424232534706
11086.207823895253,30.248589078469816,1273.2759137749188,,,88.47128174690751,103.81644405357243,118.79402640154522,13.10751865676724
10775.115029696637,29.962798363364605,1262.2269235325577,,,88.28968628566673,103.89065345722352,118.8850369917487,13.120626175424007
11150.108889160712,30.306972851455782,1272.9771502777828,,,88.77740581094594,103.99281931804794,119.23758587637587,13.13374680159943
10821.720513785322,30.00598985935513,1266.594088327658,,,88.5871705811305,104.04198536580539,119.12541351647577,13.146880548401029
11420.145494914195,30.549833053102073,1273.511281680259,,,88.78912367723142,,118.84092803527922,13.16002742894943
10834.806115861697,30.01816537189037,1261.1302774588978,,,88.81739921224685,104.12657990981822,118.96273543466992,13.173187456378379
11200.984482556243,30.353134114707405,1266.3870726365483,,,88.82468984682538,104.05783240285477,119.00734142596163,13.186360643834757
11237.017340563012,30.38537547038462,1288.0076313744291,,,88.81135983216282,103.98254870681511,119.06715222860473,13.19954700447859
10841.70426965422,30.02460372270653,1273.401435679739,,,88.81528969298897,104.0450834830627,119.18963088136793,13.212746551483068
11003.917986610557,,1281.4714607004223,,,88.7026538262085,104.00604260624381,119.02212866899544,13.225959298034551
11383.505858595785,30.51724103097433,1277.5244599130408,,,88.99811999623864,104.10365901258903,119.22949985522514,13.239185257332585
11255.625511867936,30.402298355269803,1270.9787894709157,,,88.78164253340374,104.11377287796945,119.83238727550652,13.252424442589916
11107.061382886453,,1287.5175482277489,,,88.79889158902397,104.3843032536553,119.32713920473937,13.265676867032505
10980.432466172737,30.152208822888205,1285.6114655179058,,,88.91440865380694,104.27070435346855,119.23120267475741,13.278942543899538
10929.161471308416,30.10515376993722,1293.8789607280557,,,89.02113411910875,104.1970217861218,119.39797873634191,13.292221486443436
11422.28729513295,30.551841734484782,1287.823686211873,59.59736379449744,74.37159988408192,88.94966639645187,104.13108733165545,119.31875336890725,13.30551370792988
11133.11740344625,30.291391390981193,1291.719293801544,59.69253080460193,,89.19916182649996,,119.37207020295209,13.31881922163781
10730.246104237716,29.92088641201344,1286.5000891579518,59.563988482454356,74.39753126088962,89.13742813577885,104.40087724548772,,13.332138040859448
10868.861737632873,30.049699045410776,1272.865491493891,59.23805238681759,74.60664787845386,89.28897395653526,104.24080000408428,119.45525877303766,13.345470178900307
,30.518680378599456,1286.3728510726771,59.56194547615222,74.34139023483942,89.27152518085875,104.18245653337567,119.56914123453168,13.358815649079206
11096.684827939976,30.258430280828755,1278.9497291605321,59.378887883307456,74.55478183848385,89.04406367270687,104.2993655902261,119.24177630345915,13.372174464728285
10649.529645629154,29.845747710363533,1295.092318245312,59.768544212966205,74.53232311850958,89.11018591449593,104.35761407053947,119.55184310518132,13.385546639193013
10595.708249324289,29.795415835154547,1289.3621758391682,59.631113981294654,74.68655057855754,89.31445399576921,104.43437567258886,119.61384745366674,13.398932185832205
11610.017041257095,30.718480662276395,1292.8904325965766,59.71895306357986,74.58970878023335,89.33871816484113,104.37091302817579,119.81437498767478,13.412331118018036
,,1284.198519231339,59.50826199245403,74.72592980697118,,,,13.425743449136053
,,1304.95057692154,60.0044631699458,74.66913068724243,,,,13.439169192585188
,,1281.6950934264407,59.45171698868146,74.81781339648686,,,,13.452608361777774
,,1285.2353499203641,59.52657139904211,74.55744147586816,,,,13.466060970139552
,,1303.3653703761854,59.96052090599611,74.73725134106587,,,,13.47952703110969
,,1285.8680882780945,59.546520134049835,74.80810020646916,,,,13.493006558140799
,,1305.5729245611567,60.0190588269333,74.71188030980196,,,,13.50649956469894
,,1303.6681392195237,59.96856648269992,74.85790681308758,,,,13.520006064263638
,,1311.1371760210595,60.1500458075366,74.82363408051654,,,,13.533526070327902
,,1291.8335825729719,59.69368276445812,74.94295464621239,,,,13.54705959639823
,,1286.5579412457987,59.56247081690625,74.85028161398577,,,,13.560606655994627
,,1285.9050064827557,59.544573164974054,74.87102655618762,,,,13.574167262650622
,,1311.1183868013347,60.137921735330764,74.4384603869914,,,,13.587741429913272
,,1306.0572750509664,60.02196545770491,74.85489951168964,,,,13.601329171343185
,30.315021451675175,1300.4330182929252,59.89367647569005,75.0396492009653,89.82685788776965,104.84823397968213,120.43675035610975,13.614930500514527
11397.073403908802,30.52939912865726,1309.4051043935829,60.10841772814994,75.08293851868656,89.92918474000271,104.79503359829101,120.29417444991213,13.628545431015041
,30.629673656357845,1291.2999153166638,59.668476874824925,75.1083390429629,89.92269272649926,104.73142865822737,120.57360986397501,13.642173976446056
10761.2271500649,29.94967288795392,1302.6987411345344,59.94325872162122,74.93619127996695,90.08238717300019,104.76036827446336,120.42685237571261,13.6558161504225
10976.490915875502,30.14844012068348,1302.2781850889862,59.93973347981144,75.20220953848433,89.94989025692456,104.84497302230506,120.57652055905223,13.669471966572923
11217.69051462257,30.368109967892195,1289.341946985883,,75.19372899120216,89.84512491236282,104.85723410423796,120.48083076285009,13.683141438539495
11533.179366780265,30.650243269144077,,59.894436000617794,75.28018254888018,90.02876093966532,104.92934789679842,120.75706097775151,13.696824579978035
11563.436553222351,30.677114673939336,1307.195041671058,60.05134568372508,75.35833230549544,,104.99907001991399,120.47204894897352,13.710521404558012
11136.712823091826,30.294597654424077,1294.8010193803357,,75.24936812582224,90.1232070579156,105.07444396629684,120.73133453985353,13.72423192596257
,,,,,,,,13.737956157888533
,,,,,,,,13.75169411404642
,,,,,,,,13.765445808160466
,,,,,,,,13.779211253968626
,,,,,,,,13.792990465222594
,,,,,,,,13.806783455687816
,,,,,,,,13.820590239143502
,30.188121744065473,1312.7095554443808,60.17809933060288,75.41284857893746,90.2320733533306,105.22029374654717,120.95012346931247,13.834410829382646
11605.837752388827,30.714673464805532,1325.7533034887435,60.487784499621455,75.51638823819064,90.3876031276707,105.2002366383088,121.08077502424293,13.848245240212028
11463.647074120905,30.58864150813837,1317.5217611332484,60.293377833886005,75.44687972610987,90.3976739598526,105.3729875219284,121.12354008232371,13.86209348545224
11423.129011494928,30.552461632272514,1331.1008155147413,60.61397908773078,75.63811384047065,90.36160682792114,105.57966405377562,121.25583523918672,13.875955578937692
10968.037307152725,30.140606073553847,1304.3928937344099,59.98200090692908,75.40618486815409,90.41824266572732,105.24934566300675,,13.88983153451663
11380.078439525896,30.513747702479627,1328.2972735518647,60.541179485671144,75.52497127157176,90.4997199663014,105.51815746480507,121.2880360660472,13.903721366051146
,,,60.53039237002734,,,,121.21764514160704,13.917625087417196
,,,60.52872580797104,,,,121.38839824019583,13.931542712504614
,,,60.755354989828945,,,,121.27673487012933,13.945474255217118
,,,60.58209242220254,,,,121.49511966659463,13.959419729472334
,,,60.231058637910316,,,,121.32406813379046,13.973379149201806
,,,60.2705151520023,,,,121.44917666176696,13.987352528351007
,,,60.45117911471834,,,,121.55149602421085,14.001339880879357
,,,60.86311655069922,,,,121.50029200916637,14.015341220760236
,,,60.34951097870112,,,,121.38556283597468,14.029356561980997
,,,60.34002299469769,,,,121.61645721351672,14.043385918542977
,,,60.70317928138604,,,,121.60307196104914,14.05742930446152
,,,60.60390677010669,,,,121.7194598132203,14.071486733765981
,,,60.56830945970235,,,,121.72003115762548,14.085558220499747
,,,60.34921404907105,,,,121.74455975403839,14.099643778720246
11725.594858432672,30.820149979299522,,60.47335877972529,76.1106500143081,90.84125188586117,106.39790538750555,121.98021695097728,14.113743422498965
11717.716608590505,30.813136485801266,1323.8030672368832,60.43345044897421,76.07786808648142,90.94593544333266,106.36783908613769,121.742369539646,14.127857165921464
11496.759532165725,30.617873980292494,1333.3025385702547,60.66241899926953,75.99243459490883,91.00607891749867,106.39171103549285,122.00077890405248,14.141985023087384
11623.302348302535,30.730052005551908,1326.1739524709026,60.487612537927866,75.97199065688413,91.11951215126702,106.74734863283439,122.03408087547572,14.156127008110472
,,1320.3157872425097,,,,,,14.170283135118583
,,1338.694061548318,,,,,,14.184453418253701
,,1341.859868579563,,,,,,14.198637871671954
,,1331.0329291010428,,,,,,14.212836509543626
,,1348.2384868656213,,,,,,14.22704934605317
,,1320.9948687319074,,,,,,14.241276395399222
,,1336.7322941530695,,,,,,14.255517671794621
,,1338.4051296271641,,,,,,14.269773189466415
,,1350.4397656485417,,,,,,14.284042962655882
,,1359.6332123953762,,,,,,14.298327005618537
,,1342.026326723028,,,,,,14.312625332624155
,,1361.0827823425914,,,,,,14.326937957956778
,,1329.7729988423494,,,,,,14.341264895914735
11794.650456845653,30.88029649545176,1350.66431532748,61.057144337748895,76.40527209596402,91.63481491638906,107.56780259975864,122.29584870626516,14.35560616081065
,,,,,,,,14.36996176697146
,,,,,,107.29261884937465,,14.384331728738431
,,,,,,107.57160119421216,,14.39871606046717
,,,,,,107.41302816906064,,14.413114776527635
,,,,,,107.20431608355706,,14.427527891304162
11954.088444484594,31.01915930224642,1362.4650413711295,61.33667695666325,76.11817373269807,91.77892437604737,,122.80243929746031,14.441955419195466
11417.511273905946,30.547273960979123,1342.2527570254201,60.860734500792134,76.0454419638293,,107.58423307429776,122.73282239970483,14.45639737461466
,30.595914982498176,1343.5950407603034,60.89369635151617,76.53053112425034,91.71847756033232,107.7122008667247,122.61300141333201,14.470853771989274
11540.325681514405,30.656604220799004,1340.1263444317883,60.807325368162005,76.51791640438302,91.85651837439467,107.65038350523128,122.73996982643777,14.485324625761264
11952.584783810997,31.017871565997407,1345.9458078768173,60.943270181646646,76.25822444483795,91.75789693049822,107.74910618101237,122.70011696201993,14.499809950387025
11627.537563706741,30.733613236975767,1361.0578708212859,61.297902745825326,76.3990284584181,91.828245888264,,122.81385137562847,14.514309760337412
,31.245652037798518,1364.5988196273665,61.38645895352876,76.3143113360322,91.71640250040919,107.67980412313156,,14.528824070097748
12139.823211993711,31.17916632171799,1366.0425453481735,61.41326317004379,76.35058203287527,91.87803375811748,107.76357808033127,122.91856550233238,14.543352894167846
11865.319570683976,30.942034593172703,1368.4624761272955,61.466954674174566,76.23377724373191,92.06649383128614,107.96628871558305,123.28734175511867,14.557896247062013
12193.293831760151,31.224821371144486,1354.8163879960418,61.1531708911516,76.27815729866715,91.9123000170847,108.00455344815671,122.95398170800554,14.572454143309075
11533.763537834187,30.650732300091416,1363.7607064490417,61.354543194888194,76.57018669291037,92.05641338531886,107.71273317984975,123.00342800917292,14.587026597452384
11671.542853406258,30.772383257550644,1356.9135599900499,,76.34352295682145,,107.91653209145181,123.154388100027,14.601613624049836
12134.09142089114,31.174365598637657,1358.3430046052472,61.231789832374325,,92.08073401855172,108.09443581265836,123.28461118764241,14.616215237673886
11694.82540116584,30.792997040110087,1353.8201550765184,61.12388550008527,76.70325846214789,91.84106222260974,107.83975087701525,123.25733148639372,14.63083145291156
11862.792910574286,30.93981410104825,1373.4210616291134,61.58112967680045,76.57006437447252,91.96409106429587,108.02032259363618,123.31222070361252,14.64546228436447
12048.90484550969,31.100921032126404,1355.1222946203,61.152589614424635,76.38199601114769,92.2368040140236,108.13279732532932,123.37067517520698,14.660107746648833
11596.044537713547,30.705925426858848,,61.3275786977449,76.80300399894732,92.21551617657727,108.08422029436782,123.3415768261682,14.674767854395482
,30.691928454182644,,61.34898819904658,76.61577240877402,92.19474368002902,108.0450262742738,123.34993862084349,14.689442622249876
11551.309176923056,30.666307999427897,1366.75366465681,61.427292491369016,76.5962200131084,92.31704655100073,108.15290563278232,123.23821158110168,14.704132064872125
11222.289580306619,30.371861239309712,1388.682531554535,61.932907743304284,76.64552188251766,92.28462805473114,108.30960714437485,123.43797700961322,14.718836196936996
12123.35265997743,,1376.1493983744567,61.64378827366166,76.60775403110685,92.25216362949257,108.18734187661711,123.49359962261765,14.733555033133932
11987.68536385543,31.048208115384444,,61.62084372328263,76.47103464064917,92.57385748540163,108.26242595201799,123.56324340261034,14.748288588167066
11684.614109324133,30.78392273266055,1368.3804786226292,61.46422529749159,76.79961498757376,92.41324474621797,108.25469679077086,123.53320281024925,14.763036876755232
11744.7398313695,30.83669061013885,1374.556637635113,61.599499013236226,76.71468265974943,92.40381293808124,108.21058431086225,123.73907073747623,14.777799913631986
,30.773909222112902,1382.9500192014855,61.79124883088357,,92.71811075453617,,123.57124731163843,14.792577713545617
,30.707952001897112,1372.080234303889,61.547891343758344,76.64971665213903,92.53373861220939,,123.62491748997535,14.807370291259161
,31.12237003715652,1384.271500405881,61.83112852269416,76.95113037604767,92.41674690064896,,123.63939673172517,14.82217766155042
,31.31118782479584,1372.2206733717233,61.549238745885475,76.82764943520975,92.4118056197289,,,14.83699983921197
,,1369.1324391785984,61.47955634685806,76.78472634616837,92.57503773504735,,123.85052597764424,14.851836839051181
,31.424209266448013,1364.564295239397,61.372540461117865,76.74635534382881,92.84934449626242,,123.65893598131362,14.866688675890233
,31.298816797410264,1370.3968130597382,61.501313015837184,76.87808320665869,92.67398152351846,,123.90752392496444,14.881555364566122
,30.893035817090386,1379.9174618651173,61.7211594930838,77.01392212124664,92.55374142262652,,124.18609430828249,14.896436919930688
,31.109753520330184,1391.6579623447633,61.99502280924957,76.78304198925633,92.80050160614712,,124.04151571799669,14.911333356850617
,31.026348550861393,1393.0779217121951,62.025852466131525,76.84946628084914,92.63366102518789,,124.05668998153294,14.926244690207467
,,1383.6768327210311,61.814162684161424,76.90023227325388,92.79817197808742,,124.2267511908577,14.941170934897674
,30.87345188939229,1396.599872533097,62.10673504922812,77.01252080744676,92.87642206635023,,124.20272339602887,14.95611210583257
12272.300425864758,31.291982133956736,1378.2937291746316,61.68303227585408,76.80180710475902,92.8293601486267,108.5166399361914,124.11807985100543,14.971068217938402
12012.50509603384,,1389.1749652013536,61.93541894878455,76.88664537551952,92.76366676112538,108.67445702167666,124.17436855075235,14.98603928615634
,31.49589388344883,1380.3136036574665,61.72840794194583,76.89022721610647,92.86862160451363,108.52224701275159,124.25530729393859,15.001025325442495
12145.40687737855,31.183754127878657,1398.421393089834,62.151372948298146,77.0056047942122,92.94876327748345,108.61369207870347,124.3088721167972,15.016026350767936
11744.602504997541,30.836659229282823,1397.3144460865847,62.113214201638684,76.96609069665747,92.90048112406072,108.65178893583081,124.21399144333637,15.031042377118704
12532.274026468347,31.511929145745686,,61.86990900409087,,93.0380234352527,108.68883478507773,124.35965385166344,15.046073419495821
12044.026060414986,31.096711855618683,1379.901933944403,61.71668082566093,77.05085160021702,92.89750661412795,108.58032429252067,,15.061119492915317
12394.982823898712,31.39619878780901,1400.2892743096727,62.1909992701517,77.31464503043316,93.11474944442219,108.80178119761493,124.42914893670283,15.076180612408232
12320.49658715836,31.333204447102258,1396.7479840752642,62.11176195784135,77.14939556242459,92.88122223946677,108.48846324413086,124.49540573057288,15.091256793020639
12838.345483593506,31.76666177885354,1403.5809938649156,62.26389683359311,77.02733450105353,93.13149158022526,108.84456169804382,124.44073244479588,15.10634804981366
,,,62.03008644153293,,,108.6822869610323,124.56887469489692,15.121454397863472
,,,62.168985808687175,,,108.84555708217256,124.5470762771504,15.136575852261334
,,,61.764126508700436,,,108.770492980258,124.69913762024389,15.151712428113594
,,,62.23034619191315,,,109.09249587066634,124.83836826904299,15.166864140541707
,,,62.34604649664281,,,108.9638269346272,124.7024843157244,15.182031004682248
,,,61.8744695613658,,,108.9558621023318,124.7026026789491,15.197213035686929
,,,62.46052597495901,,,108.96431323244161,124.77349635608817,15.212410248722614
,,,62.3704261709267,,,108.99834955328919,124.83947202318602,15.227622658971336
,,,,,,109.0248638691125,124.81280825014704,15.242850281630307
,,,61.92607774499374,,,108.96666771132004,125.0084968009523,15.258093131911938
,,,62.032429228633106,,,108.9619036227008,,15.27335122504385
,,,62.68774663750425,,,109.00987623358351,125.02383582188695,15.288624576268893
,,,62.047795906447504,,,109.43315905377015,125.1702339659392,15.30391320084516
,,,62.52552514867855,,,109.14829454381476,125.11122483699708,15.319217114046005
,,,62.41392751423522,,,109.05575229323502,124.98851830465156,15.33453633116005
12279.655662508567,31.298293664162582,1401.2085136449969,,77.67187721604226,93.83306464229281,109.0906528117617,125.21075556796912,15.34987086749121
12703.225642112502,31.654748702788435,1403.153685158063,62.24774137088738,77.40539751888913,93.44165318803371,109.25968180935931,125.04346524143804,15.365220738358701
11869.905206690095,30.945872184264307,1393.6966784370263,62.03286671522777,77.73291498525303,93.63993622914127,109.42886286548601,125.35210842165777,15.38058595909706
12750.952752642228,31.694330147389365,1440.1630758902152,63.09735763979214,77.55125644268497,93.57969698052405,109.17762888114235,125.3166052399848,15.395966545056156
12641.372250974911,31.60302291861512,1414.2915933401177,62.49609003359853,78.03572372675264,93.53697977125528,109.22392097082106,125.2237545412689,15.411362511601212
12573.259320534671,,1399.7800950383312,62.16910195475948,77.60814856701539,93.57973170925703,109.25435837551146,125.59140689509128,15.426773874112813
12325.52797761371,31.337244253868,1402.371652012313,62.23485969100881,77.77866758470417,93.71224002923194,109.12953157064216,125.501043488867,15.442200647986926
12310.64651872207,31.32458640718047,1412.6663826175497,62.46086850798044,77.74712737674983,93.54990102385091,109.09423561395224,125.41951763988868,15.457642848634912
12784.701414191975,31.722046706238284,1408.3035101199036,62.36156830684114,77.81772602217141,93.8234304229823,109.41646980723708,125.61002719462819,15.473100491483546
,31.645552440593743,1400.8225826971436,62.190254346004345,77.84996309226405,93.26484312361526,109.23643613002126,125.53450972389949,15.48857359197503
12648.506121415721,31.609055637326,1409.5078286960445,62.39074308777276,77.93962716160033,,109.596656102465,125.44912807655028,15.504062165567005
12752.47809295638,31.695557144007772,1424.3921975851213,62.72824359278497,77.71025195108284,93.86016547457062,,125.66421228581143,15.519566227732572
12783.938496011759,31.721592990598424,1423.0902117312728,62.6990228432214,78.15486261882738,94.07313147980332,109.35745544458335,125.55927272345518,15.535085793960304
12242.653412960995,,1434.2298807435998,62.95228183720025,77.95153892148045,93.83567115382735,,125.73002938551085,15.550620879754264
12477.655481262414,31.465808760491857,1424.2354024052013,62.7254185428036,78.15921738541051,93.94086328167975,109.4327466749116,,15.566171500634018
12696.17724193392,31.64863567621984,1430.9244013826335,62.87645969546927,77.99541739499514,93.85049418541718,109.47769113912267,125.67188351152015,15.581737672134652
12380.681522627518,31.383861445804044,1416.1945315328992,62.54193981307494,78.14760427065916,93.97394777676355,109.54658246257385,125.72155639516731,15.597319409806786
12706.156580535919,31.656698079355593,1402.8371566137955,62.236632607142624,78.09554769373095,94.09921641203584,109.52714148767194,125.71907614495741,15.612916729216593
12218.049728480426,31.245816609216906,1432.3192271443054,62.90480460589023,78.05862483988436,94.0635129439477,109.7182491583943,125.84353383018644,15.62852964594581
12754.864928517336,31.697298578642936,1432.268456554643,62.904779407446554,78.28232276468768,94.08785268403521,109.8929008182739,125.7387751570263,15.644158175591754
,31.89768296236414,1406.5915962560482,,,93.96750548039815,109.63321290669147,125.75673947040578,15.659802333767345
12573.695341005565,31.546344184956144,1406.7200177343589,62.323017692479596,77.85847667787816,94.04902915414472,109.52983377452347,125.78667338662844,15.675462136101112
12287.77130998528,31.305232393407888,1422.0582596827505,62.67142739799133,77.96073875680125,94.30389450096285,109.65461221809092,,15.691137598237212
12792.575563822,31.72860319770406,1417.1524491441935,62.55687994791404,78.28788907741517,94.19950084188832,109.96771841364726,126.07451203686806,15.70682873583545
12692.491595064586,31.64556388826513,1422.1077777845103,62.679195350930456,,94.24079358740033,109.84389545614921,126.27660178318202,15.722535564571285
12752.315369624746,31.695242288021436,1432.1505850754174,62.899498465159944,78.42592767625851,94.16428895308367,109.86869024015076,125.96918995830325,15.738258100135855
12967.625735645388,31.872755788147895,1430.49764262673,62.861580918126315,78.32437057238393,94.36729036573273,109.94149274224921,126.18663050063893,15.753996358235991
,31.48544295300192,1438.5170008686302,63.045917218640795,78.41636869642137,94.31835653774809,110.19742452799599,126.39249195974796,15.769750354594226
12473.130709490719,31.461854365578702,1435.204816215849,62.966161639975184,78.50221412286592,94.4198454232042,109.99716076001066,126.26655965047613,15.78552010494882
12202.742763209972,31.23262782676768,1437.6579394520054,,78.57999115202057,94.42376603508531,109.99673825671817,126.25715727151993,15.801305625053768
13052.827399360818,31.942523106571425,1434.8561917240936,62.95809575012562,78.49045457730182,94.24010410808827,110.07538569909224,126.35832467568281,15.817106930678822
12435.585710571897,31.4301337473152,1431.2489640762697,,78.66249614324882,94.43317776890747,110.12090454840414,126.43055182067691,15.8329240376095
12504.530406497412,31.488250021880848,,62.783017595397766,78.59608958082435,,110.47555684698804,126.5966244263726,15.848756961647108
12389.211605356357,31.391122752091047,1440.21484907612,63.08230303698398,78.49340240919202,94.54285966701772,110.13748608909428,126.34763358044425,15.864605718608756
12984.6911923282,31.88671320264539,,63.17975516959507,78.92985086833865,94.73558732556354,110.3280487765604,126.58766007947783,15.880470324327364
13136.241406286246,32.01045898856553,1438.9501578889788,63.05189264633781,78.87076081970446,94.55824382987979,110.50197502749207,126.73870190587186,15.89635079465169
12300.966082960345,31.316312863358355,,62.9435158719341,78.77806217416878,94.51695602200829,110.46824207280483,126.61087069348396,15.912247145446342
12875.75543235522,31.797351400327237,1441.069137932549,63.098051313338665,78.69657993707392,94.67414179791174,110.50751595856518,126.69952888366126,15.928159392591787
13289.059376097563,32.13419766354844,1451.0255783210148,63.326188765338,78.82502831901402,94.57981953987687,110.4608926829655,126.60915361582661,15.944087551984378
12629.372353787245,31.59285904827703,1433.0084248443202,62.915463215674755,79.02658225094693,94.6558656297336,110.50170787227482,126.65609172662725,15.960031639536362
13335.724124606755,32.17189461110374,1449.4735415514622,63.28658716998772,78.672213171699,94.93823727458509,110.64864713092952,126.94357116951328,15.975991671175898
13322.190889318259,32.161153076858355,1449.075516270926,63.277976736683776,78.78365307643752,94.67055753268791,110.89041904787034,126.75658201958507,15.991967662847072
13224.881575461137,32.0823881693485,1430.9607711507367,62.870346050689,78.63571332087969,94.92616012477092,110.64242716955076,126.87841569677963,16.00795963050992
12561.252959632242,31.535883885542937,1454.9008658260054,63.406809730568995,78.77011958718147,95.09533260260667,111.03160794582296,126.66968513219719,16.02396759014043
12658.603689575153,31.617171479339035,1448.3503333990982,63.2625417998913,79.03555328739834,94.75158650900683,110.85570684975492,126.96964691304588,16.03999155773057
13280.766129398411,32.12759295179061,1435.5774530564738,62.966933746569616,79.11442606975403,94.7619711083614,110.50563350239648,126.88037126675519,16.0560315492883
12936.34215154495,31.847133287595298,1433.826608618359,62.93309568921353,79.14294071027498,94.95441321763168,110.83943944534637,127.04151000089068,16.072087580837586
13190.123551857718,32.054304684922684,1435.836135211882,62.97659615770382,78.90450097598986,94.92209713672278,110.91125533505554,127.07972975775778,16.088159668418424
,,1452.0031687477517,,,,,,16.10424782808684
,,1437.9187957697084,,,,,,16.120352075914926
,,1450.280675340406,,,,,,16.136472427990842
,,1447.147088408902,,,,,,16.152608900418834
,,1443.226845241494,,,,,,16.168761509319253
,,1456.136895968685,,,,,,16.184930270828573
13166.278634099323,32.034855937687176,1450.3279515070421,63.30221515897089,79.4435914010251,95.24463882044112,111.08375759354132,127.46722990315813,16.2011152010994
12980.267358126735,31.883188406965104,1444.2038278638508,63.16285911525488,79.245268532937,95.07957268068205,111.35051661275949,127.42774127855657,16.2173163163005
12996.552291008189,31.896413696808853,1439.5526221415212,63.05818277806446,79.25842676498316,95.19136884740142,111.57370234707105,,16.2335336326168
12649.108562779658,31.6092569486223,1463.671947472344,63.60258403937989,79.3163572243228,95.35449163433252,111.46377036308664,127.6032380104384,16.249767166249416
12861.466632327509,31.785357586922558,1462.3414396921542,63.57029848584495,79.53494887975717,95.35800937481592,111.63742783837738,127.31000248232252,16.266016933415663
13116.031887540457,31.99396824032203,1462.3215018006767,63.570784914369575,,95.47457551930175,111.77949538767996,127.5471690962669,16.282282950349078
12855.85602831664,31.780729350619065,1454.0306034763923,63.382431202578466,79.71204353714604,95.27159647124975,111.61362325463321,127.67772754447962,16.298565233299428
13399.569437809472,32.223218117899854,1459.3364749989257,63.50421890776746,79.48405723084304,95.51073135038632,111.55932057261154,127.83606670724173,16.314863798532727
12817.43335907018,31.748951596558904,,63.68704005516045,79.56591911875661,95.16374532098628,,127.57096208010167,16.331178662331258
13038.576354551476,31.930753784960938,1466.7875621479075,63.67113521830082,79.61314282211103,95.77730698267959,111.68051668220437,127.69726316678573,16.347509840993588
12807.078658909326,31.74031248963328,1439.2295164528598,63.051277397595086,79.5654406998255,95.4492192142779,112.11572241493569,128.07487754672,16.363857350834582
12784.806736486824,31.72193448345408,1449.449079690609,63.27745307101497,79.5130695109182,,111.82575822568042,127.69364936557342,16.380221208185418
13343.099069604616,32.1774852326745,1459.7874358284337,63.51143430321038,79.45484830509916,95.61196291158561,112.00018254003366,127.93903031715574,16.396601429393602
13181.456226911016,32.04720599579765,1463.667408255838,63.60233477188017,79.459067752434,95.32107645275235,112.02333296298131,128.01350836558407,16.412998030822994
12969.862868504235,31.874518969858496,1461.768441537895,63.55719725686909,79.76419335168664,95.50871165619486,111.87432296959108,127.93670391490636,16.429411028853817
13518.23927978203,32.31797681137694,1450.5085576214203,,79.84768615685155,95.7059969537094,111.96927723164501,127.92061302804623,16.44584043988267
12933.91152071803,31.845041812712893,1450.0500266538268,63.29238045886976,79.62222819822983,95.62550642523821,112.11928851614458,128.0507833115876,16.46228628032255
13265.8491173299,32.11539242455244,1443.7011305106969,63.14813901056295,79.6021211940845,95.71220375110046,112.09402642526925,128.07358518136044,16.478748566602874
13024.113452437869,31.9189503093915,1441.6124563316012,63.104574444078885,79.6506635194249,95.5707765832591,112.26224192686486,128.4326320120253,16.495227315169476
13640.809393531488,32.41543594566671,1461.9765629717363,,79.62712785128063,95.80745648093026,,128.33334925904597,16.511722542484645
13303.230275735295,32.14542480263952,1484.4781786572385,64.06218458355903,79.80944712836947,95.9310495060068,112.34162913524604,128.34122051488484,16.52823426502713
13344.881071771664,32.17912645361863,1466.4247483062165,63.659022704387546,79.8704365976347,96.02600290442464,112.36214215785175,128.42365819739956,16.54476249929216
13081.179597593797,31.965523851883578,1473.9558411913463,63.827185848204365,79.84478834028548,,112.3692807217632,128.3480406547026,16.56130726179145
13343.966227630308,32.17845919094564,,63.621232318937544,79.96989756860978,,112.4628740126912,128.54143867092657,16.57786856905324
13680.416462001764,,1463.3717332486472,,,95.8282571797776,112.44367773036467,,16.59444643762229
13290.76826842434,,,,,95.91559011741978,112.68019065137094,,16.611040884059914
13652.927843299964,,1484.5737459057195,,,95.98795215876487,112.80252620537041,,16.627651924943972
13903.755559752743,,,,,95.92268205342684,,,16.644279576868914
13127.781288559121,,1475.7866304816318,,,,112.78446024390115,,16.660923856445784
13270.876805433269,,1487.655172300716,,,96.02828929941916,112.73579742832463,,16.67758478030223
,,1483.2678665480864,,,96.11450591810242,112.83713827440042,,16.69426236508253
13187.552115475013,,1471.2521298115391,,,96.11788940814739,112.61546483090373,,16.71095662744761
12928.269341731477,,1472.3777076709027,,,96.12354057187741,112.86967868551051,,16.727667584075057
13518.70902377291,,1481.2046800752582,,,96.07292905073216,113.02242431987709,,16.74439525165913
14070.255117167851,,1485.8895982750275,,,,112.7659083865108,,16.76113964691079
13800.931988882583,,1466.148890528253,,,96.42473762902954,112.81730296941262,,16.7779007865577
13370.15360393345,,1460.9885711815296,,,96.20130991361192,112.90659477042644,,16.79467868734426
13736.018720891743,32.490843720116985,1482.4424814132808,64.0144625705867,80.18785210070834,96.32837648500829,113.10354288621468,128.9610217112562,16.811473366031603
13421.479173280755,32.240499266273304,1469.5337658947362,63.72735650515352,80.28199029963065,96.38630723606207,113.17962865921793,128.8285490661152,16.828284839397632
13765.491446997125,,1486.5004871027731,64.10411784627951,80.27422665501457,96.21322973587614,113.27871326387165,129.09876176000228,16.84511312423703
13199.101894792066,32.061342319871734,,63.88096768314992,80.46604461141693,96.6523930147673,113.18670184018649,129.1185452179113,16.861958237361268
13962.1530728595,32.66833570176436,1476.9223948857039,63.88902707881266,80.52541731424749,96.41922840295337,113.05654895572748,129.31478964524578,16.878820195598628
,,,,,,,,16.895699015794225
,,,,,,,,16.91259471481002
,,,,,,,,16.92950730952483
,,,,,,,,16.946436816834353
,,,,,,,,16.963383253651187
,,,,,,,,16.980346636904837
,,,,,,,,16.99732698354174
,,,,,,,,17.014324310525282
,,,,,,,,17.031338634835805
,,,,,,,,17.048369973470642
,,,,,,,,17.06541834344411
,,,,,,,,17.082483761787554
,,,,,,,,17.09956624554934
,,,,,,,,17.11666581179489
,,,,,,,,17.133782477606683
,,,,,,,,17.15091626008429
,,,,,,,,17.168067176344373
,,,,,,,,17.185235243520715
13888.199648318541,32.61044640564509,1500.622549793582,64.41108117939845,80.83308355462862,97.12028707428905,113.8395442181184,129.8900454453518,17.202420478764235
13836.04426755578,32.569600907890184,1502.3423646980991,64.44533654523848,,97.13895147916271,113.59659921471174,129.86310534886402,17.219622899243
13470.346726241363,32.27960294833503,1508.7677647030675,,80.75748032293559,97.13864450224592,113.59291194749596,130.10285526342005,17.236842522142243
,,1512.4578774553638,64.6729601014041,80.78689458819251,97.20065502818537,113.53878475405587,129.61044314474276,17.254079364664385
,32.583181647411486,1493.4346810312936,64.25421234171061,80.55070910255085,97.3904243569459,113.62958712222124,,17.27133344402905
,32.67809935023409,1491.160760508297,64.1960801224907,80.7707566970819,97.26988005996047,113.69765188999678,130.10654972788225,17.28860477747308
,32.24597619532354,1493.7328417996523,64.2601155529868,,97.25475363298132,113.47179266561359,130.15984316854414,17.305893382250552
,32.61896300834909,1496.8390737032773,64.32789491808266,80.90453641623968,97.25617471950923,113.76597883219705,130.25636665941073,17.323199275632803
,32.72042822403403,1521.9777419548184,64.8858114345472,81.12659894104307,97.3101861563287,113.54053597337446,130.1456124827401,17.340522474908436
,32.37016547832069,1510.9302956034255,64.63463200333436,80.93521721343487,97.36659944838333,113.75859130870005,130.28481463750225,17.357862997383343
13380.708807278816,32.20772750754526,1504.395648885421,64.49490497234085,,97.4231168492541,113.9735146422046,130.44511098872428,17.375220860380725
13960.210596620853,32.66667722329086,1508.0507645238995,64.57756564463492,81.05710633070835,97.24513521820487,113.80013274678103,130.33525192834853,17.392596081241106
,32.5883349712787,1512.55885626015,64.67648581493948,81.10994428812582,97.47870666328339,113.77414676258296,130.58790344108078,17.409988677322346
14078.873961047539,32.759078067627925,1517.1739572566826,64.77771477928557,81.17687060199657,97.41989286163646,113.81015195339471,130.6700604411478,17.427398665999668
14134.036741795791,32.80176927844211,1518.3202472870687,,80.86895134660043,97.54625283596363,113.91730487910799,130.63226236140017,17.444826064665666
13512.263584411554,32.313241467651586,1510.2160431296222,64.62203199069383,81.11008915013984,97.63051717679512,,130.58879029774837,17.46227089073033
13623.638545750175,32.401704380443235,1494.6224713748388,64.27800903624595,81.11215992999094,97.58177318595546,113.93347585140233,130.6457348821351,17.47973316162106
13574.844452877536,32.36288371236285,1518.2816760301916,64.80192750032553,81.33081263057811,97.87578656158799,114.04426660391009,130.5588623506915,17.49721289478268
13525.009227485765,32.32318143614217,1518.9286388660112,64.8138423183849,81.08922562927123,,113.96858462308766,130.86612517282876,17.514710107677463
13416.782087547577,32.236553408696246,1513.5747155828633,64.69301025360882,81.28058281735241,97.73263630373008,114.26324788138999,130.75318355265287,17.53222481778514
13913.130765827811,,1511.8425187337455,64.65732927960002,81.3107123526435,97.70471724978051,114.13946531456253,130.9004550549931,17.549757042602923
13701.585060741661,32.46347078309737,1507.0971134666288,64.55494269721513,81.39449612377095,97.82204834098764,114.09759158864514,131.0717036501277,17.567306799645525
13440.133104486422,32.25545749780633,1513.9042486502656,64.70447339158176,,97.756406405939,114.1120864727296,130.7858012169264,17.58487410644517
13797.347167132371,32.53879903431139,1512.089742839354,64.66493385466241,81.20941742479432,97.98274121487377,114.3947507916075,130.9624339242323,17.602458980551614
13975.302245446966,,1505.8940746264634,,81.33877159464046,97.61170487909553,114.17546338766779,,17.620061439532165
13818.188520741598,,1503.1827565457802,64.4663446652181,81.46939140643914,97.86994381564273,114.35357048460531,,17.637681500971695
13322.492373311337,,1522.011827399063,64.88203554965169,81.4739555512092,97.87034644014334,,,17.655319182472667
13814.898712050284,,1507.8769775040246,64.56569919781109,81.36338731154225,98.00714946598208,114.39283986162943,,17.67297450165514
13593.153197425096,,1508.71122317933,,,98.37228287313285,114.336818257299,,17.690647476156794
14107.248881708974,,1519.9117888076196,64.83123341674974,81.40544804824273,98.02265103292982,114.39346941884455,,17.70833812363295
14031.395554507006,,1516.5369088974414,64.76165510375445,81.3463154937619,98.21056310346165,114.50550952071221,,17.72604646175658
14008.73230337146,,1518.5265810807784,,81.44653835379937,98.21190032894145,114.48592721217875,,17.74377250821834
13607.069029051516,,1524.01604094733,64.92385778028148,81.61021981686882,98.32982885028045,113.91894161635685,,17.761516280726557
13917.241629010894,,,65.01967935789388,81.79228105397262,98.19263936117197,114.63894502983236,,17.779277797007282
14059.560558658768,,1528.3151994952632,65.0210051204132,81.3587693846334,98.16614084702242,114.82941769452158,,17.79705707480429
13987.882043832324,,1508.4740919301912,64.5798594417252,81.4611012188952,98.32877717074624,114.61568158026478,,17.814854131879095
14017.413123416138,,1539.378086490146,65.26138242112918,81.84863087757961,98.35978051372358,114.77905185947273,,17.832668986010972
13568.779787795833,,1535.2221896251654,65.16780143455091,81.51588592362552,98.38802926359699,114.56925841987021,,17.850501654996982
13602.925778735378,,1521.4442198473919,64.86636949668652,81.48436208720707,98.49050008779538,114.64973933963445,,17.86835215665198
14138.452440917876,32.80533785086511,1539.2191253896344,65.25450849044549,81.69192285320851,98.42884590732628,114.80989458584615,131.64808535268133,17.88622050880863
13557.021953377904,32.34883970211213,1524.849673218397,64.9435410167351,81.41863564943206,98.45286239530026,114.87779575953698,131.6274474415444,17.904106729317437
14163.12063583478,32.82432048583157,1516.5977544588743,64.7577986995485,81.70864335759077,98.71715992048486,115.11328963477851,131.7092412101431,17.922010836046756
14356.376996548886,32.973164147341066,1530.920504499998,65.07271295091806,81.79292317382198,98.59906946881038,115.00415746331925,131.80588710133364,17.9399328468828
13751.432683559577,32.502793485460195,1540.0811588603124,65.27321038774028,81.50906942245909,98.60620811338553,115.19689307411866,131.937894343666,17.957872779729684
14154.078571254711,32.81742606254792,,65.39414554909389,81.61179573141041,,115.09830307385795,131.880312580008,17.975830652509412
14226.801578545146,32.873579313369035,1536.6299609988794,65.20234972537703,81.75205237142985,98.63573620646511,115.18398976941432,131.61821153325565,17.993806483161922
14180.737842665138,32.838002338239896,1527.8587272599414,65.00605506570166,81.75369534256049,98.74327114541362,115.26251011560127,132.13712118111707,18.011800289645084
13679.46350047708,,1531.636966968684,65.08714233943454,81.81474219147016,98.78693447181848,115.42214517887317,131.90619852522286,18.02981208993473
13655.655738462536,32.427018098967935,1539.8774054439668,65.2664683926042,81.85620468120833,98.7340534072741,115.4110088630624,131.90927982800986,18.047841902024665
14285.780626683372,32.91885515131159,1546.1204630712425,65.4099729609077,81.68986547046757,98.76024405826094,115.6485565629148,131.91924355754318,18.06588974392669
13944.169920133509,32.65408967711405,1564.014756694807,65.79454198425982,81.71340248081731,98.87948157641401,115.52881401200493,132.011511293928,18.083955633670616
13816.408705218253,32.553966651132164,1525.3468774397318,64.94720291599693,81.665210694082,98.86333534487738,115.60367784387293,132.07857888182866,18.102039589304287
14499.2835574757,33.08230774458156,1546.0044694186938,65.40374938252815,82.06290350491689,98.72865097688636,115.6368406475,132.38738920511676,18.12014162889359
13940.513177988432,32.65137303546148,1550.192596553529,65.49172935302755,81.75987609185697,98.975183310337,115.26418955594484,,18.138261770522483
13638.931193827046,32.41380280716529,1579.2227963803864,66.12232469224347,81.82993347582526,98.98787632117856,115.62229361963564,132.46979857424262,18.156400032293003
,,,65.49147419891193,,,,,18.174556432325296
,,,,,,,,18.19273098875762
,,,65.42870172607847,,,,,18.21092371974638
,,,65.2894060911791,,,,,18.229134643466125
,,,65.38012821752548,,,,,18.24736377810959
,,,65.2021951459512,,,,,18.2656111418877
,,,65.8025381916876,,,,,18.28387675302959
,,,65.22992366216144,,,,,18.302160629782616
,,,65.62510345633554,,,,,18.3204627904124
,,,65.57860010335978,,,,,18.338783253202813
,,,65.60763245532976,,,,,18.357122036456015
,,,65.37575239118989,,,,,18.37547915849247
,,,65.50831992575588,,,,,18.393854637650964
,,,65.51898369081148,,,,,18.412248492288615
13835.970184212127,32.5695414737402,1568.8475016085554,65.89699910343606,82.37614337098623,99.50520832871081,116.53813094268061,133.0030473543424,18.430660740780905
,32.81789491889316,1552.699004952266,65.5489136411893,82.33213166607415,99.66725935074854,116.55578758276518,133.09624828491494,18.449091401521684
14281.319890743407,32.91546719981028,1564.0420493657089,65.787863451541,,99.43268906788619,116.71682593714999,132.65548879585316,18.467540492923206
14057.286452511686,32.74222388784594,1546.6359432571119,65.41302167612308,82.49473108148567,99.51464956691198,,132.85190104757928,18.486008033416127
13827.975279871052,32.56300663916585,1559.9440900861673,65.70319626446599,82.61624048467075,99.52328511880901,116.76443322390317,132.9108586491773,18.504494041449544
13958.525219882358,32.665472038955954,1562.0181735561027,65.7476270322324,82.48923711068831,99.68588469797926,116.64629542246402,133.0688673568538,18.52299853549099
14145.887705247897,32.81119030119737,1574.8420350159267,66.02261037723356,82.38661013701223,99.58265398692822,116.82449318804902,132.98634130538994,18.541521534026483
13628.896614448495,32.40578461577685,1559.3316114555773,65.68688398287733,82.47479917810335,99.93648421877657,116.97587249254086,132.95627449427343,18.56006305556051
13733.462192254712,32.488606752210856,1548.9512090599374,65.46086028277472,82.68193893448462,99.9281987711135,117.01731976961061,133.22141224522724,18.57862311861607
,33.1302738738102,1564.014847968329,65.78758133133121,82.65616275030447,99.84837102612252,117.19292041100374,133.0704065980295,18.597201741734683
14126.647110912609,32.79609315033335,1559.612133088763,65.69189601863587,82.5675859582167,99.79013862968762,116.92991292054029,133.19164547631868,18.615798943476417
13796.436552134612,32.5382459483757,1561.1324465500998,65.7258414600217,82.83211650778627,100.0710915620749,117.09546738563867,133.16567592056933,18.634414742419892
14353.855775610256,,1577.6498674641605,66.0870187076414,82.70025611826686,,117.40006112982412,133.12644603578562,18.65304915716231
14490.146807854595,33.07556143088378,1581.6162070053151,66.17056238450981,82.6977815941633,99.98673228351073,117.2315927823597,133.43123835817056,18.671702206319473
14296.538687380871,,1555.6281428176371,65.60098682617135,82.80788966276636,100.01828551286144,117.1670294481174,133.34686022590353,18.690373908525793
13883.72618162989,32.6068969285698,1557.6709856001817,65.65006032066249,82.89814517018996,100.213072702609,117.1760410400676,133.2155515028577,18.70906428243432
14226.59971029925,32.8735112172926,1599.9663384619357,66.5645756755581,82.93485838971377,100.15620140632862,117.02634393078712,133.4187472495947,18.727773346716752
14220.669337655881,32.86898602848598,1584.2931300214018,66.22027190556355,82.80666067708871,100.08875679141563,117.2955931363483,133.3885130341293,18.746501120063467
,,,,,,117.37562445713446,,18.76524762118353
,,,,83.09735895659549,,117.39312515556165,,18.784012868804712
,,,,82.66242268247306,,117.38571203476073,,18.802796881673515
,,,,82.89438104820742,,117.42966540714878,,18.821599678555188
,,,,,,117.42286324036398,,18.84042127823374
,,,,83.06202044285033,,117.5650993171815,,18.859261699511976
,,,,82.92705865120658,,117.50873518037619,,18.878120961211486
,,,,,,117.64290824584856,,18.896999082172698
,,,,83.09896627473978,,117.59978991074695,,18.91589608125487
,,,,83.15906376563235,,117.66454364305022,,18.934811977336125
,,,,83.11642129995646,,,,18.95374678931346
,,,,83.22765662998385,,117.65758000743429,,18.97270053610277
,,,,83.22498096664917,,117.62736314493834,,18.991673236638874
,,,,83.27386376997177,,117.59881833186813,,19.010664909875512
,,,,83.46306361435742,,117.7241386843569,,19.029675574785387
,,,,83.41150766531537,,117.64845654153248,,19.04870525036017
,,,,83.3512366051889,,117.52554335093502,,19.06775395561053
,,,,83.53961073547119,,117.8464895514932,,19.08682170956614
14572.83549453739,33.13839804731644,1598.4852539925207,66.51915893076726,83.45234093169424,100.94820772198145,117.59017570824679,133.9013610169084,19.105908531275706
13942.724579415608,32.653068787435494,1603.3792901645238,66.63177598564867,83.6973227874168,101.05187936525623,117.88334022197698,134.16462721694015,19.125014439806982
13795.90289196473,32.53787688293182,,66.62398261107596,83.6448162855589,101.03383980081598,117.55877863011366,134.214896350216,19.144139454246787
,32.455348725086004,1599.353342172497,66.54608232817024,83.87076292913704,100.90027752630901,117.71698926528367,134.11122407419876,19.16328359370103
13830.959479317315,,,66.79799069613996,83.71768159603623,,,134.2344849005139,19.182446877294733
13634.53589430181,,,66.83304984250401,84.04746193697646,,,134.29487621401742,19.20162932417203
14758.987704822164,,,66.58411736413886,83.90870682604893,,,134.24790473406702,19.2208309534962
14577.537005533139,,,66.49714335224162,83.95326009945165,,,134.03377589017936,19.240051784449697
,,,66.73688201423325,83.79157172454889,,,134.14351047804433,19.259291836234148
14428.614594488605,,,66.32415476102139,,,,134.3580699612934,19.278551128070383
14689.305544617502,,,66.6777156068108,83.77900385507238,,,134.33731324036532,19.297829679198454
14380.724871160588,,,66.91804891638182,83.92545536413904,,,134.48220576818053,19.31712750887765
14516.428438610448,,,66.72397832607648,84.1396835741866,,,134.43209706630182,19.336444636386528
14104.579851235583,,,66.96849909371078,84.10798506768101,,,134.60917817704242,19.355781081022915
13919.01549802792,,,67.14397043330236,84.34995999277558,,,134.51051997173292,19.375136862103936
14139.58135993421,,,66.94586578402576,84.41474131487064,,,134.51967970469724,19.39451199896604
14206.830250075607,,,67.0614774750298,84.25314675701723,,,,19.413906510965003
14097.265919666339,,,67.1473861397917,84.16991476168612,,,134.61784330539888,19.43332041747597
14218.321988945096,,,67.1283510340778,84.30078334548864,,,134.68115001486788,19.452753737893445
13963.84194562126,,,66.9598590459144,84.41488438913635,,,134.6047434624884,19.472206491631336
14054.422277601032,,,66.93197645276466,84.4283053600427,,,134.6429455745214,19.491678698122968
14140.259840994955,32.80683865861312,1646.3598830576723,67.53526196979469,84.47242723105094,101.39579453792153,117.97000371918848,134.70148896101784,19.51117037682109
14037.230498917432,32.72661184128072,1617.4946838180895,66.92030060138225,84.74008089448114,101.63306081440187,,134.74329838594,19.53068154719791
14732.467353845426,33.259081342908594,1640.0725845286436,67.40411932085938,84.40495041693305,101.64005578000693,118.0896173328688,134.77728183796933,19.55021222874511
14654.128429109607,33.20005620289494,1627.637916911686,,84.74898424422987,,118.15371784838618,134.55467811111745,19.569762440973854
14575.638864042994,33.14048240013689,1645.0875463162638,,84.4949952286451,,118.20408551567608,134.93510320018672,19.589332203414827
14747.240788247742,33.27015258916297,1618.871102355281,,85.01706869546611,,118.1622124135864,134.94004157096893,19.60892153561824
14331.924512913065,32.95444170374338,1643.3332241494147,,84.71327242282545,,118.254226536378,134.83556679858037,19.628530457153857
14192.371245475064,32.84713173184472,1643.7109888862806,,84.90941894120652,,118.22669240727068,134.99648899003083,19.648158987611012
14342.12470464213,32.96243067701608,1643.4064082352627,,84.9521827708639,,118.26146159804615,134.90008092303398,19.667807146598623
13958.93386054206,32.665817843306634,1642.0840039745055,,84.94967391179752,,118.3789868462153,134.97071396587788,19.68747495374522
14491.144535491154,33.076381313914354,1622.4394763620198,,84.93786182531522,,118.17414950352293,134.965552983867,19.707162428698965
14226.656138727607,32.87353085458206,1636.3285663240604,,84.90352119712482,,118.41959784207728,135.0429524641854,19.726869591127663
14794.092223328526,33.30567852852996,1645.4058268916644,,85.06672457872332,,118.21181751326998,135.23010487061885,19.74659646071879
14812.32963196277,33.31909608004305,1635.4928077182162,,85.3437756015266,,118.38520266352187,135.06841552520584,19.76634305717951
14269.537694536837,32.90655651035088,1628.6069378583356,,85.19565596962615,,118.47328988944604,135.18606107930856,19.786109400236686
14797.1775356996,33.307807269980216,1649.629586578037,,85.11168315993933,,118.41932560592245,135.1557356063051,19.805895509636922
14535.045197772151,33.10978772365361,1643.162501604547,,85.29060988310749,,118.61485603773401,135.37133445775316,19.82570140514656
14067.846644734018,32.750624068442455,1648.54992052127,,85.11599911420709,,118.55629905275605,135.17157236614779,19.845527106551707
14696.22657660828,33.23175687127486,1655.6766388039166,,85.33691153883125,,,135.27041560113136,19.865372633658257
14294.308007735679,32.92580522593722,1665.6829000699283,,85.41866438058739,,118.6744342996215,,19.885238006291914
14577.930151529355,,1666.0626639871355,,,,118.44652285519251,135.1074011282572,19.905123244298206
14570.871195018799,,1641.3511091045546,,,,118.67513826118417,135.3467755257822,19.925028367542502
14972.865920271708,,1639.34183196747,,,,118.54319568469586,135.43571004635467,19.944953395910044
14227.895920433159,,1651.8784845892958,,,,118.6700684277302,135.48206829132147,19.964898349305955
,,1655.352496334108,,,,118.70703676475976,135.65703393326575,19.98486324765526
14226.263229788312,,1671.413862632088,,,,118.77191896763922,135.53634091519461,20.004848110902913
14151.289374165604,,1648.0394894555593,,,,118.72739936252825,135.6882157975479,20.024852959013813
14808.111782227874,,1650.984626015501,,,,118.82157567613923,135.63173232321523,20.044877811972828
14508.237128393726,,1667.3194743719096,,,,119.13053109205207,135.53282967885005,20.0649226897848
14280.058148210484,,1667.2330664439141,,,,119.18803216673332,135.6804732815575,20.084987612474585
14306.707611684995,,1682.0705543456988,,,,118.68656846374951,135.62245655564567,20.10507260008706
14677.380835445014,,1680.5063091199686,,,,,135.57099154741405,20.125177672687144
15030.450502104797,,1663.6577660596474,,,,118.8804898252772,135.74326152238888,20.14530285035983
14450.511758152286,,1661.8683301212845,,,,119.09721659286849,135.76523650702057,20.16544815321019
14847.214715816915,,1664.9545926968199,,,,119.2494435136828,135.70907107317458,20.1856136013634
15169.26360646274,,1665.5452202770562,,,,119.1044789542925,135.63768971540006,20.205799214964763
15145.29919011201,33.56724091084209,1686.8828196580582,68.37668356746269,85.95917167241645,,119.19123185521362,135.8241356066108,20.226005014179727
14330.154433666818,32.9531262734849,1672.6162495159829,,85.75814101791373,102.71170875245267,119.40100283599027,135.79402675988982,20.246231019193907
15299.098645407172,33.68070331240592,1671.5856985117778,68.05699546692955,86.0499334826745,102.63964095312063,119.20743335250967,135.69578029769391,20.2664772502131
14674.088764297456,,1666.2650605952224,67.94238190108311,86.00881313515352,102.73660226873571,119.0928870271962,135.71378604896685,20.286743727463314
14498.752989077597,,1684.2771914386726,68.31968046336353,86.01774716073162,102.70831108148155,119.49005460851457,135.9079399869999,20.307030471190778
14802.113003661738,33.31135117480641,1670.6020884769018,68.03599663885949,86.08065741578541,102.82179595903042,119.083885064729,136.18523641192039,20.32733750166197
14680.06400052576,33.21960273696624,1681.528981092767,68.25820987818645,86.32919181064733,102.87706636041165,119.49137692730675,136.15549621019062,20.34766483916363
15317.96710175555,33.69442145569458,1666.6804697589773,67.94829817707227,86.13574128896627,,119.35212034950987,136.10255357356831,20.368012504002795
14663.368044589062,33.20704514338078,1707.4098884638893,68.799143608203,86.12437607886501,102.94732398044312,119.51129976540756,136.17782466196556,20.388380516506796
14721.224269821962,,1673.0424155984579,68.08048299425177,85.8651558976927,,119.66617257831066,136.25081147878726,20.408768897023304
15271.739810919975,33.66056878529862,1701.3538929958584,68.66972493358989,86.28921618657489,103.10946256972623,119.49632184274898,136.210886228347,20.429177665920328
15435.345492101029,33.78048156557569,1700.1351585004006,68.64738169476293,86.04978301246267,103.2160244973686,119.48897227070184,136.25049704292982,20.44960684358625
15062.45244193226,33.505930956462834,1702.204423085069,68.69253524073189,86.15133683672329,102.98746625059299,119.96430996488064,,20.470056450429833
14935.527204151174,33.41132459415144,,,86.16795632800938,,,136.07691390900604,20.49052650688026
15758.456717414501,34.01483170442988,,,86.22681650123347,,,136.2572614449255,20.51101703338714
14764.444644365309,33.28305027049705,,,86.45239800669896,,,136.1362313009179,20.531528050420526
14935.612848835033,33.41130225972369,,,86.21430812988586,,,136.32398111499955,20.552059578470946
15315.042657268275,33.692329798681335,,,86.50027197069937,,,136.28364099172208,20.572611638049416
14790.124595637873,33.302632402144,,,86.53068230017172,,,136.51198164933564,20.593184249687464
15172.023154985529,33.58694981752036,,,86.17999304411921,,,,20.613777433937152
15545.235747606353,33.86043887277524,,,86.33446505343875,,,136.552275471608,20.63439121137109
14839.897753518795,33.33989384717146,,,86.42408553872089,,,136.30271532965594,20.65502560258246
15397.317972174611,33.75247830028621,,,86.24718306959352,,,136.23858204345024,20.67568062818504
14774.191994200575,33.29060444882759,,,86.46527620819438,,,136.33971516659915,20.696356308813225
14703.348404550134,33.23713678991126,,,86.36178494406053,,,136.43032465309307,20.717052665122036
14828.88099748867,33.33157759880655,,,86.42631469968958,,,136.576875412711,20.737769717787156
15110.355819802762,33.54134762370675,,,86.48849402271206,,,136.64668474777017,20.758507487504943
14751.143610407275,33.27320830963166,,,86.48660373451145,,,136.4876876046056,20.779265994992446
15293.860419561106,33.6767586166945,,,86.48537031155043,,,136.70745569315366,20.80004526098744
15100.561574353844,33.534173512713934,,,86.65225830296696,,,136.47591457215847,20.820845306248426
14935.164121583244,33.41110244868533,,,86.5061540944881,,,136.55290663024473,20.841666151554673
15008.83852128861,33.46596300087745,,,86.71627317606342,,,136.63351390865265,20.862507817706227
16469.799745723565,34.51968173401467,1720.6553920753884,69.06591774121611,86.42910484777869,103.36294764939359,120.39392681145114,136.77541028194844,20.883370325523934
16178.872877990085,34.314884175794354,1734.1186610704092,69.34319692740065,86.5823296495555,103.44816792342122,120.31442427217517,136.79125051746254,20.90425369584946
15379.443726245156,33.73955134202027,1710.4188266351764,68.8487945575266,86.33236760840025,103.72901607482656,,136.97734523419157,20.92515794954531
15001.271770532812,33.460359525034114,1726.914373146435,69.19104766690525,86.66387406548286,103.53372354672176,120.43090218440668,,20.946083107494854
15126.915082576312,33.55360671340364,1731.0841130931224,69.2748704577511,86.42201747271487,103.62548738779142,120.73075576861574,137.16013349258742,20.967029190602346
15154.0474385884,33.573604315877006,1727.7324764702814,69.20740279876294,86.62856275347919,,120.47582020988135,136.92497936777727,20.987996219792947
15303.84803547116,33.68407576169043,1732.185902945762,69.29322776368754,86.56666007200805,103.53425548327115,120.57068610911315,136.89515936726747,21.00898421601274
15355.922663701605,33.7224045525188,1721.8382807022986,69.08254663895778,86.59386595881656,103.86254662656646,120.75416341998728,136.92291881734408,21.029993200228752
15824.72282055933,34.06241884032076,1740.3286576232244,69.46369788833933,,103.84931397793083,120.71664674431923,137.0488437191769,21.05102319342898
15822.641198147612,34.06093103883618,,69.64419405471929,86.64264490278555,103.71595233179849,120.78905647870234,137.22831168354844,21.072074216622408
16264.357263013768,34.37520063664175,1740.7611665507475,69.47640157783557,86.9438633904337,103.67563562087247,120.67357015749646,137.00415707158686,21.09314629083903
16120.184470492675,34.27328483632861,1730.402142848326,69.25640930107095,86.71141106374655,103.7879984959814,120.85325617159195,137.27254573817117,21.114239437129868
15240.866146449465,33.637715791709226,1748.7126545581295,69.63596286987584,86.75758651351867,103.88271738211255,120.95532910174734,137.11237946078936,21.135353676566996
16043.951231986679,34.21925672421071,1757.879951509723,69.8216102495586,86.67861142562198,103.94604776678065,120.69402648170487,137.32009683408623,21.156489030243563
15788.659895235014,34.036512969721,1750.3585970751728,69.66821745773015,86.52808397927573,103.76177154002035,121.01867655215487,137.20192804683714,21.177645519273806
,34.01564700953767,,69.69724225413208,,103.78522154520945,,137.16296014923583,21.19882316479308
,34.0502520652536,,69.88366844850874,,103.81685121185187,,137.40243969042186,21.22002198795787
,34.26398217409559,,70.13745701957886,,103.89805718893477,,137.296876151123,21.24124200994583
,34.28480735182036,,69.94605957130757,,104.0504545281162,,,21.262483251955775
,34.084300838659956,,69.52380467756569,,103.8863726399873,,137.36293595542205,21.28374573520773
,33.91453103610807,,69.92422194216991,,103.94034638837873,,137.50989440891377,21.305029480942938
,33.92982891197161,,69.85872798072857,,103.96951480183681,,137.4715606004006,21.32633451042388
,34.31301866547596,,69.89093858884902,,104.09800527500396,,137.53834283896276,21.347660844934303
,34.43635710474658,,,,103.96344471337692,,137.77916360394244,21.369008505779238
,34.533051701663204,,69.89976190818378,,103.95361133693365,,137.55833083801525,21.390377514285017
15949.573163739933,34.151691256440536,1750.1543161205182,,86.90363970891768,104.21139430080244,121.16903529180183,137.29243821695414,21.4117678917993
15772.089109672988,34.024499232350436,1759.2009942917553,69.84168590561143,86.87832754965669,104.02999132102995,120.98881087332447,137.7083788909846,21.4331796596911
15758.081650791246,34.014321883261175,1758.1498566009454,69.81778037624612,86.87607092892573,104.07779860963986,121.3022432783157,137.79356775144964,21.45461283935079
16237.186778515017,34.35600538297656,,70.03921171791542,86.71102559458188,104.04205040499697,121.15401671441916,137.75313768466316,21.47606745219014
16425.68674514956,34.488537147076684,1740.7912212347637,69.46311024241211,87.08044890915326,104.10995164873133,121.21689174721276,137.68593411621225,21.497543519642328
16578.216398150973,34.59502758632296,1761.2855486102019,69.87914898770545,87.1381837773787,103.95401367317284,121.37114133127928,137.9261839604842,21.519041063161968
16537.490094515022,34.566621501947395,1756.2048681132926,69.78205843592592,87.08044793921977,,121.12940043762262,137.64937466695704,21.54056010422513
,34.46043489057512,1749.777705144487,69.64482444563681,87.0207198765191,104.23768067175061,120.97923814660857,137.9160114451284,21.562100664329353
16283.403340217392,34.38855882238828,1751.3664776738954,69.6753421982866,87.081933598858,104.33773644317873,121.22118098813995,137.9309366274515,21.583662764993683
15997.226551744696,34.18566159246018,1750.9778650925348,69.67510112856029,87.17393954040662,,121.32636181586614,138.10989605847922,21.605246427758676
15899.92526875637,34.116196358684,1771.3212691036829,70.0875667048858,86.94218248348007,104.34268097111205,121.33233236873951,137.93971308950492,21.626851674186433
15901.450760416947,34.11716776095751,,70.06909227505186,87.08191790099843,104.29056158923392,121.32257680588314,138.36431068537084,21.648478525860618
15565.281009559421,33.87479559587178,1785.543201194987,70.3756986232961,87.03312609721048,104.38035289214599,121.3633897051946,137.99987323734683,21.67012700438648
16830.83872233474,34.76993848849868,1761.362777181308,69.88447358041016,87.01622274914119,104.4476662012704,121.51340314505376,138.08791745386463,21.691797131390864
16721.89480617317,34.69481959223458,1772.127018905828,70.10127172364817,87.10191747885331,104.34955421974061,121.37313312070542,138.03666454259857,21.713488928522253
16540.021505925342,34.56841442185475,1774.4102939070117,70.14449116375916,87.15292992779494,104.41613597787892,121.44929653623646,138.1608603190508,21.735202417450775
16420.31746526025,34.48469773689012,1767.1832399009888,69.9992663854246,87.08300220340664,104.27720137678413,121.38067121824857,138.06118342290816,21.756937619868225
16138.84097297783,,,,87.27503268598363,104.34107800606972,121.4637777631534,,21.77869455748809
16257.943503999313,,,,87.22856767949996,104.45884198265624,121.48157365236194,,21.800473252045578
16734.586231010762,,,,87.17703759393913,104.41922553433552,121.36069781302108,,21.822273725297624
16483.509881450693,,,,87.19144293962911,104.6393704157245,121.60949174727287,,21.844095999022922
16250.734925935381,,,,87.13246540868165,104.5315725861906,121.41105556355195,,21.865940095021944
16828.43012227267,,,,87.3751726835339,104.36787611168336,121.50950513660302,,21.887806035116967
17146.13515007133,,,,87.37768558362868,104.58579875260016,121.76994306226823,,21.909693841152084
16420.22994110846,,,,87.19277808870113,104.60451640092795,121.59712698736413,,21.931603534993236
,,,,87.276475070543,104.5753924982953,121.65440382632603,,21.953535138528228
17364.845154650324,,,,87.43053227030929,104.68375876718626,121.62984416324885,,21.975488673666757
16940.791655271336,,,,87.50852587178554,104.54770535239422,121.72112363334809,,21.99746416234042
16763.689310546626,,,,87.57979955118773,104.62991992169565,121.68648552676142,,22.01946162650276
16779.373286382932,,,,87.6945656676346,104.65684279366077,121.70399594475015,,22.041481088129263
16562.656128493327,,,,87.67531559518216,104.66321580757393,121.7869373972054,,22.06352256921739
17483.42875571626,,,,87.65552181873126,104.71389304823857,121.6374055243959,,22.085586091786606
16785.81605220287,34.73882145251186,1782.8285584406722,70.30188950322635,87.72578804621328,104.68826246394539,121.84796248795784,139.06245596271305,22.107671677878393
16765.104292627555,34.72441315432227,1811.546468662091,70.88637728639117,87.48213912683751,104.91484967964558,122.09605223732926,138.79385048025162,22.12977934955627
17036.694181053714,34.91111765585203,1774.18488578966,70.1308910793139,87.77377456130375,104.70206064600801,121.64175208691559,139.0160490524769,22.151909128905825
17181.374552736077,35.009805710164024,1788.9355992192225,70.42944677628002,87.47450420836319,104.70401925339594,,138.97323352021414,22.17406103803473
17353.879315492086,35.126632268141435,1805.8335037884606,70.77272093319488,87.55819204666636,104.58546871014686,121.88514974310611,,22.196235099072762
17218.431875104925,35.03493794901331,1788.2726958245007,70.40898940865516,87.78673493101991,104.78118653622421,121.78261094675754,138.90528528378223,22.218431334171836
17090.92522926013,34.948202450142745,1786.7808245527544,70.38399062471134,,104.80168455998579,121.79499606126099,139.14508180340206,22.240649765506006
16812.859743033878,34.757380773249025,,70.45122196248207,87.69280857934694,104.68037275964507,121.9452704952012,,22.26289041527151
17145.787020828437,34.98550515342913,1801.909596269645,70.68814470322575,87.45179631248764,105.00632579713198,122.16808864777087,138.9811797811789,22.28515330568678
17453.46680741423,35.19375924908189,1801.199752549099,70.67433336621663,87.6899975652113,104.81424142778988,122.03814149101957,139.53286402796982,22.307438458992465
17692.618987415102,35.3539634922821,1781.8390999738767,70.28052947155273,87.55313972549853,104.78593682523389,122.23208182845167,139.13014453561266,22.329745897451456
17254.941972484172,35.059698596185555,1788.7737336955952,70.41886740869361,87.69501464539171,104.89938338996087,121.9230548017574,139.27076287918158,22.352075643348908
,,,70.87909763360283,,,122.02155564141853,,22.374427718992255
,,,70.7279940101034,,,121.99952010624318,,22.396802146711245
,,,70.7458913430328,,,121.80345589930266,,22.419198948857957
,,,70.61494452328648,,,122.01867495238375,,22.441618147806814
,,,70.5597252536267,,,122.02774379254791,,22.46405976595462
,,,70.88085801225775,,,121.95401877702747,,22.486523825720575
,,,70.32401038999251,,,122.03150600789358,,22.509010349546294
,,,71.06918018989168,,,,,22.53151935989584
,,,70.72178133651647,,,122.16624999241766,,22.554050879255733
,,,70.57804902340416,,,122.18775570999057,,22.576604930134987
,,,70.79989261382292,,,122.11269779052309,,22.59918153506512
17461.394263809594,35.19902635702036,1794.1257773784657,70.52155643529771,88.08845512556732,105.16393530671381,122.27759823163375,140.06627558065858,22.621780716600185
17632.79499776353,,1821.5656571180607,,87.97607673317937,105.15474599572029,,139.98711663099027,22.644402497316783
,,1810.7188913186835,,87.99485081625265,105.09611432804024,,139.96711821099504,22.6670468998141
17395.237614494745,,1819.1477373381313,,88.35609756161354,105.4209921709303,,139.87974329335987,22.689713946713912
17329.158096021616,,1814.7808411637707,,88.19072092513078,,,140.27392563001214,22.712403660660627
17444.279693676894,,1819.1339885803702,,88.00774133324484,105.05297933394716,,,22.735116064321286
17288.442567236467,,1807.3193454547504,,87.96515466445554,105.26025060834677,,140.08457657721272,22.757851180385607
,,1830.9585608572477,,87.9436177441862,105.23266919621496,,139.99675792148534,22.78060903156599
17725.507841130155,,,,88.47898096316453,,,140.21415635529874,22.803389640597555
18150.11078605208,,1814.5271328802044,,88.11334108230932,105.3950701843619,,140.43706378348398,22.82619303023815
17571.453901323,,1811.4590396141714,,88.20724828769029,105.30851251582257,,140.56984657615126,22.84901922326839
17561.960168464753,,1800.953049982926,,88.15363920876294,105.12691438046468,,140.57941179984982,22.871868242491658
18511.916065445785,,1834.4350025017818,,88.11422505332736,105.25673196292071,,140.39651879549993,22.894740110734148
17439.612230182407,,1808.0817476315633,,,,,140.3838904526701,22.91763485084488
17958.564823076766,,1833.4180218998333,,88.01699649713072,,,140.46545571527471,22.940552485695726
18494.415354836685,,1830.4563584622565,,88.47402844597023,105.55425953289358,,140.59740557291983,22.963493038181422
17948.307321753386,,1802.6620527028606,,88.53950730885698,105.43235017450421,,140.5353126822878,22.986456531219602
17916.047875588592,,1810.6019459814788,,88.31152761458077,105.60148532151099,,140.56002808965917,23.00944298775082
17848.69170090732,,1829.3127775569596,,88.26797196622874,105.50241442369764,,140.67547689925232,23.03245243073857
18306.978485664586,35.75861446198385,1847.7162015972199,71.5922623221342,88.34386262558169,105.51559252689265,122.59699401846905,140.5526460841303,23.055484883169306
18119.626916438036,35.636119878114755,1828.0742984260448,71.20152648295829,88.55109337804994,105.4543137854356,122.85502157775899,140.76656649734807,23.078540368052476
18669.26201329225,35.99312343990415,1825.603104140836,71.15262214254143,88.47177644343296,105.69553343935759,122.78516590698588,140.88690160956185,23.101618908420527
18970.838961201556,36.18603646371368,1848.9872114474852,71.61784514862066,88.4573305402435,,122.7019321540004,140.8995894936739,23.124720527328947
18401.149809856375,35.81987199412573,1823.7243307200883,71.11131175801307,88.70235548643122,105.54709259283244,122.74504199959534,140.89202915984384,23.147845247856274
,35.69675850965026,1823.1822993877606,71.09810268055324,88.42644010982731,105.6160866495861,123.22008228031703,140.8903958022563,23.17099309310413
17949.32455913555,35.52379592223283,1828.9449215760753,71.21621051774666,88.49536948694488,105.66865481994591,122.9826437528484,141.10925808022745,23.194164086197233
18870.10107545323,36.121616176468116,1850.0553038712455,,88.42317503556144,105.5252581944306,123.06562186255711,141.13590897493717,23.21735825028343
18423.510123668424,35.83421873172232,1824.2639764278258,71.12353838990215,88.68101379162849,105.8722706520544,123.01388014811847,141.08415458323745,23.24057560853371
18401.798684771038,35.820116746509946,1816.0077600374111,70.9564377667048,88.43788968988802,105.66729832900789,,141.2214098751614,23.263816184142243
18406.01628310559,35.822836203518854,,71.50799466497143,,,122.93711016372393,,23.287080000326384
18083.971203614517,35.612566075594714,,71.02536751488938,,,122.82594102001465,,23.31036708032671
18191.099133887878,35.68277650045518,,71.05580787155012,,,122.98815661462807,,23.333677447407037
19170.55623380221,36.31264126548065,,71.36825312592654,,,123.061751954273,,23.357011124854445
19150.627620560834,36.2999320359028,,71.16152876521507,,,122.94008966719747,,23.3803681359793
18396.196486916167,35.81640021431078,,71.12279511786222,,,123.03436758326085,,23.403748504115278
19184.470728402586,36.321406036373354,,70.98541719622908,,,123.31167845375899,,23.427152252619393
19065.21146565046,36.2458581837647,,71.46761812080437,,,123.15531646670611,,23.450579404872013
19224.390711672055,36.34673305054433,,71.36299399663017,,,123.1582380061318,,23.474029984276886
,36.12426357969092,,71.26320873857463,,,123.4899945603631,,23.49750401426116
18361.598747030555,35.793978325545496,,71.53234076912754,,,123.32542262119891,,23.52100151827542
19356.90837499462,36.42987712458069,,71.12146410832212,,,123.50521089933221,,23.544522519793695
18842.280212641283,36.10393645361587,,71.21645108290832,,,,,23.568067042313487
19010.702088942267,36.21125681851433,,71.6388313458683,,,123.45679467139354,,23.5916351093558
18386.66847782605,35.81016199811699,,71.44185731951463,,,123.50781947221378,,23.615226744465154
18911.83627269227,36.148204544571584,,71.51272048030032,,,,,23.63884197120962
18046.91359570049,35.588058567886975,,71.26555830462719,,,123.64044906632154,,23.662480813180828
18549.18403641047,35.91555734779891,,71.46741790601912,,,123.76579886199785,,23.686143293994007
,36.10268551634535,,71.36407769223818,,,123.68877475446821,,23.709829437288
19246.44411809936,36.360489099329925,1830.92234521443,71.25005561373742,88.86588112495083,106.18024708595242,123.71240313041898,142.1348318339644,23.733539266725288
18488.1065642057,35.8758761254574,1853.54627123367,71.70376729763966,88.76698196927433,106.40913683316658,123.8204759426449,142.11067847401682,23.757272805992013
19426.35969914195,36.47343269169785,1831.0059183612889,71.25164407849633,89.05987685916013,106.36309764139223,123.82355426658809,142.08299219766673,23.781030078798004
18292.612147480308,,1857.590118067374,71.78268451266838,,106.34907357888865,123.939574284232,142.38211233722075,23.8048111088768
19267.548896666947,36.37358480663163,1828.5856037262067,71.20207633132581,89.2220169658647,106.34170752602682,123.96998266701016,142.44236072344714,23.828615919985676
19303.73981062501,36.3963740232882,1845.0970277990048,71.5356872020957,89.12209198209463,106.51700097013014,123.90963122368247,142.5519860611449,23.85244453590566
19589.152132551644,36.5750692120605,1861.0110186016987,71.84639812921696,89.26478680794285,106.48515002761232,124.12297216334179,142.59055944614994,23.876296980441566
19335.747288323513,36.4164406684053,1858.1082311235118,71.79023668240308,89.26622632503283,106.45107078742977,123.98026612555643,142.5343565191115,23.900173277422006
18716.0946253975,36.02293810484404,1847.6320972633584,71.58154030406507,89.46608163022715,106.51085282293758,124.20170826130267,142.54132440447307,23.924073450699428
18586.68818804345,35.93961798627269,1859.2278050836555,71.81448483220977,89.15293068567657,106.50764484700977,124.4996314221937,142.6062266888447,23.947997524150125
18587.287957045217,35.939961851313186,1857.1172364980869,71.77076121493666,89.19225448386129,,124.14229357890103,142.39333052764633,23.971945521674275
19832.479174763503,36.72602256552465,1841.8734718560488,71.46373609188885,89.28283766001098,106.76780686237518,124.22612660442331,,23.995917467195948
19066.44735041233,36.24649371123355,1860.131547725375,71.83287147091859,89.17791368067722,106.57189819951245,124.2123587594044,142.6592228190405,24.019913384663145
19400.82825653598,36.457404719021355,,71.76320328866538,89.2613866356531,106.61145687553466,124.33498996691219,142.77263688088047,24.043933298047808
19153.2632632771,36.30138255891925,1839.6689716071046,71.42274544461259,89.29270569373324,106.7227898014725,124.60514580787628,142.74241030224724,24.067977231345854
18825.85934693786,36.093193333026235,1854.0448163501783,,89.4372478835214,,124.39243640938491,142.75872588108754,24.092045208577197
19160.57904746654,36.30597842415644,,71.56407317653724,89.412554012124,106.75731091516577,124.48934648533894,143.0372179483823,24.116137253785773
18615.909565079484,35.958380884235396,1841.9925943565354,71.47258052965674,89.46639583233396,106.64599459213632,124.61051445571117,142.95316072868175,24.140253391039558
19132.923257334725,36.28858426995112,1873.2494497736714,72.08738972633206,89.53331968096131,107.05311917868548,124.7746087165712,142.95568112196793,24.164393644430596
19779.453329688906,36.69309531062663,1864.279432249341,71.9124120498035,89.48567148421448,106.94617703669701,124.91108796283095,143.15730037257958,24.188558038075026
19244.696863676443,36.35912412275457,1851.7906324536452,71.6654441594846,89.32533208333214,106.73956647235262,124.7263716719115,142.94091074091008,24.2127465961131
19103.941503063335,36.27019909508263,1856.3531027652853,71.75645199937088,89.49582830018512,107.04434882384021,124.62687108236344,143.0003734541408,24.236959342709213
19602.79823034133,36.5833902239061,1861.2580816137915,71.8561491180691,89.43641682899354,106.99818554851498,124.9696226467371,143.30469570924478,24.26119630205192
19738.562616272873,36.66785628320705,,72.02868064203783,89.66468871061026,106.84433202805721,125.0478531739778,,24.28545749835397
19171.65662666419,36.313025125884636,1847.5332633379815,71.57844646456977,89.58255536384844,106.96982202569001,124.89384950271138,143.2758586462376,24.309742955852325
,36.168819748594636,,71.51014459302405,89.54512181531288,107.10653135736342,124.97495718021476,143.34504258018694,24.334052698808176
,36.38941740027223,,71.87704223035189,89.54344724789983,107.17536614451127,125.25354346836971,143.71544368842964,24.358386751506984
,36.01796494140741,,72.01526695650206,89.5871564249709,107.02703938180134,125.14872387180834,143.56625198543568,24.38274513825849
,36.520893568286255,,71.66726280699449,89.73111644206905,106.74684285085121,125.14785018554376,143.3530219476477,24.407127883396747
,36.405927026917034,,72.01234529365885,89.67464357702777,107.24598195281334,125.26724795501144,143.3757440680707,24.431535011280143
,36.759777375319366,,71.708904266734,89.73512177427077,,125.23698788237733,143.45279578795572,24.45596654629142
,36.37658074283556,,71.92923150128564,89.75516056375139,107.21250805689569,125.37295202783955,143.64408016755246,24.480422512837713
19738.185387165442,36.667610440443624,1870.897078711455,,89.88068662624839,107.20716123456363,125.64255646445054,143.35773849815308,24.50490293535055
,,,,89.9339127767344,107.4474071517815,,,24.5294078382859
,,,,89.63315233126698,107.15687903194805,,,24.553937246124182
,,,,89.74702242682221,107.46464909249575,,,24.578491183370303
,,,,89.74557989184328,107.52872648149105,,,24.603069674553673
,,,,89.89002369038984,107.3201544393847,,,24.627672744228224
,,,,90.1461381689875,107.30959828867162,,,24.65230041697245
,,,,89.80210537086084,,,,24.676952717389423
,,,,89.99830612942668,107.44141242231964,,,24.70162967010681
,,,,89.88567102896405,,,,24.726331299776916
,,,,89.87247130563784,107.64223570320729,,,24.75105763107669
,,,,89.78288547135146,107.62992403916405,,,24.775808688707766
,,,,90.02079290023484,107.7052590876928,,,24.80058449739647
,,,,90.19813666786085,107.72938449770896,,,24.825385081893867
,,,,90.01575683577327,107.75364566223868,,,24.85021046697576
19090.171508175314,36.26132948588214,1861.8348674148478,71.85738552928652,90.0141114498486,107.7571035984483,126.49252016424239,144.4379224539288,24.875060677442736
19623.137059708537,36.595883326473256,1873.3278327951869,72.08757966673848,90.141767146916,107.6825934214315,126.42903052788206,144.5120962632924,24.899935738120178
19949.641530490822,36.798075762389104,1861.8631727515778,71.85799143747484,89.96991207917755,107.9273887031855,126.3077731379419,144.6124572888187,24.924835673858297
19607.392771483424,36.586162542896844,1877.112988755128,72.16346293292759,90.3587762983319,108.00130481680127,126.50706376179748,144.5205981339671,24.949760509532155
19795.46940072858,36.702893784747836,1856.4975625003326,71.7540773865884,90.37055305645356,107.9974066914862,126.33772370931578,144.53062621190995,24.974710270041687
,36.73023656230366,1886.5744503623323,72.35205983961244,90.16913928389475,107.75227402940865,126.56195514391416,144.565685067942,24.999684980311727
19035.977609700887,,,,90.2211102383082,107.974686729556,,,25.02468466529204
19830.389913519968,,,,90.31200764129669,107.88057915783841,,,25.04970934995733
19106.315213314578,,,,90.32868952005249,108.08638445569305,,,25.074759059307286
19531.99856355182,,,,90.11468409906762,107.93979003701374,,,25.099833818366594
19578.848526160844,,,,90.45656941701726,108.08161697270924,,,25.12493365218496
19237.818946155385,,,,90.40180466566149,108.31209342260635,,,25.150058585837144
19304.40727915258,,,,90.09161677595208,108.07240868188092,,,25.17520864442298
20051.733243216073,,,,90.54119489113346,108.20634785525444,,,25.200383853067404
19432.34270994398,,,,90.58317011122897,108.17003416495555,,,25.22558423692047
19443.843682592294,,,,90.57370037465087,108.1314573272681,,,25.25080982115739
20044.444465949764,,,,90.21182118374374,108.31550601488122,,,25.276060630978545
19986.844570983383,,,,90.56341231892436,108.36176660659363,,,25.301336691609524
19434.497292538952,,,,90.41498498052928,108.47206529922911,,,25.326638028301133
19789.926132361335,36.69936478498297,1888.6378470644172,72.38966851047799,90.62184833543478,108.33963043105074,127.11913962688124,145.06433580640052,25.351964666329433
20479.81544448401,37.121439699683144,1885.4411114359964,,90.4872023475259,108.34195056751389,127.16484496542665,145.2996624524682,25.37731663099576
,,1873.1735227897225,,90.8421486646819,,,,25.402693947626755
,,,,90.81846186838504,,,,25.42809664157438
,,1870.8353819501244,,90.66787819225095,,,,25.453524738215954
,,1900.1179386476585,,90.75289252980711,,,,25.47897826295417
,,1884.187046463059,,90.47167924445232,,,,25.50445724121712
,,1880.0745787679534,72.21706502697849,,,127.10539555814387,,25.529961698458337
,,1900.863480087023,72.62547175758854,90.77472797890188,,127.52761947069759,,25.555491660156793
,,1905.5517560393937,72.71915430911719,90.80959422831317,,127.22209962463126,,25.58104715181695
,,1887.539224828188,72.36542793743124,90.7171477843128,,127.370725570387,,25.606628198968767
,,1904.0023382043644,72.69098385979942,90.74689182828931,,127.28345862571913,,25.632234827167736
19429.52984674182,,1901.0552811565062,72.63113049366183,90.97837029993394,108.9022632790914,127.43280158543901,145.61806523446592,25.657867061994903
20392.791585793824,37.06865196210674,1903.564128443911,72.68002439157236,90.42978608988427,109.03606044062407,127.41471173857597,145.75628555597137,25.683524929056897
20030.75432226348,36.8478156194099,1891.8387882770862,72.44400420164622,90.72967424437039,108.98942930711878,127.34501874236491,145.79593729791515,25.709208453985955
19669.619422968837,36.62475162813578,1905.4778145174585,72.72261359492595,90.90303680123891,109.03792847322836,127.3394466719906,145.84067188929586,25.73491766243994
20257.646615346897,36.98641170266391,1893.077945949635,72.47376498188457,90.67584291757896,109.07139587687965,127.43028267011587,145.74710690157156,25.76065258010238
20121.996554728397,36.903749366509324,1889.7951962677203,72.40524026789153,90.8408699264283,108.97161845107081,127.48299664005869,145.85066144292637,25.78641323268248
19763.063619828343,36.682740636881164,1893.6173471918073,72.48125465230324,90.94664698708088,109.06903114778473,127.52777410140135,145.95904423989185,25.81219964591516
20242.744699557945,36.977462377888436,1903.1893590060276,72.66854324043291,91.04972317103241,,127.7803399428492,145.98165093239209,25.838011845561077
19588.235485223144,36.574207071007514,1911.326307156381,72.8312128931519,90.97857025963442,109.17920696032913,127.63894992157482,146.02228692417077,25.863849857406638
19455.131814402263,,,,,109.12841994959571,127.60490819497578,,25.889713707264043
20340.056022988032,,,,,,127.64414632517935,,25.915603420971305
19303.159408215557,,,,,109.23428513738793,127.81173294039944,,25.941519024392274
20017.897878308962,,,,,109.21708119766812,127.61206005587506,,25.967460543416667
19938.88090113142,,,,,109.36028046838008,127.8841124178869,,25.993428003960084
,,,,,,,146.56190060046268,26.019421431964044
,,,,,,,146.22618652839182,26.04544085339601
,,,,,,,146.3345694957431,26.071486294249404
,,,,,,,146.3377454278612,26.097557780543653
,,,,,,,146.40824712721755,26.123655338324195
,,,,,,,146.5642426793004,26.14977899366252
,,,,,,,146.44108147927298,26.17592877265618
,,,,,,,146.8988789533498,26.202104701428837
,,,,,,,146.53711863063893,26.228306806130266
,,,,,,,146.62697870010996,26.254535112936395
19603.475271056817,,1925.6041468894377,73.10858457189839,,109.79552422549902,,146.72568264570558,26.280789648049332
,,1930.656479820544,73.20538626338109,,109.49467955063758,,146.89291517905852,26.30707043769738
19608.14353710904,36.58644820742792,1938.344431476315,73.35515786307585,,109.55019192108416,,146.40568233840173,26.333377508135076
19490.95326427446,36.51340350079682,1910.3806062285212,72.8080237701857,,109.77598788604935,,146.88431684020279,26.35971088564321
19798.12569228957,36.70446778556527,1940.3208866064567,,,109.7683003132638,,146.7676486121168,26.386070596528853
20344.68551726485,37.03947039254398,1926.1252588842385,73.11611350455445,,109.68532086688047,,146.90905971314882,26.41245666712538
19821.007090443152,36.71858681608363,1918.811840183601,72.9699881829657,91.28283354740738,109.87666605991785,128.03740765981422,146.99009598519697,26.438869123792504
19599.665950436713,36.581103059189644,1943.5104059180117,73.45470258084623,91.32837748195391,109.77322820585475,127.98640724253166,146.8423469160353,26.465307992916294
19800.504161956167,36.70587179079742,1930.083878647164,73.19095205884506,91.2884285660063,109.92549251679928,128.1363950311661,147.00200324259978,26.49177330090921
,,,,,110.11468555422879,,147.12574302004867,26.518265074210117
,,,,,109.98163435432927,,147.1101914134693,26.544783339284326
,,,,,110.06343200207304,,147.03456003475853,26.57132812262361
,,,,,110.01451768759456,,147.12264446273605,26.59789945074623
,,,,,110.18576133238781,,147.1319854221193,26.624497350196975
,,,,,109.90798509659624,,147.2144428382509,26.65112184754717
,,,,,110.1501090183004,,147.22691659339785,26.677772969394717
,,,,,110.13673301383602,,147.2821555221292,26.70445074236411
,,,,,110.25685446110663,,147.32288402933202,26.731155193106474
,,,,,110.02752225474454,,147.24746974010242,26.75788634829958
,,,,,110.52046529812093,,147.14240769815623,26.784644234647878
,,,,,,,147.48688985878252,26.811428878882523
,,,,,110.27761783917676,,147.50039705074565,26.838240307761406
,,,,,110.27243992357397,,147.57028201990263,26.865078548069167
,,,,,110.66815963855689,,147.55639469490748,26.891943626617234
,,,,,110.52690936214836,,147.67310500889602,26.91883557024385
,,,,,110.39756581954761,,147.54763629990794,26.945754405814093
,,,,,110.55810707847579,,147.7276973687695,26.972700160219905
,,,,,110.55297718393305,,147.91635901001987,26.999672860380123
20940.431983630853,,1974.1885373973057,74.04587612154234,91.65741500937678,110.42166454205643,128.993102732527,147.68132309879698,27.026672533240504
20544.452703755116,37.16042525381898,,73.93178577650282,91.68264918567921,110.50619184444088,128.9680786922501,147.97853399385167,27.053699205773743
20512.52354352116,37.14111891649172,1960.9724964248667,73.79149698231754,91.97132412684843,110.49511544275477,128.81357077024,,27.080752904979516
20861.512455107895,37.3507668750257,1963.9956637182574,73.84666607476139,91.65210693192775,110.57917813821886,129.16925986924062,147.92542690426055,27.107833657884495
20826.938208404412,37.330025453599006,1949.1309350196639,73.55850192735882,91.84959537848626,110.47001705762649,128.90412765359878,147.94131377257366,27.134941491542378
21103.829731596412,37.49480457164861,1955.7599505854557,73.6855369580671,91.84607010388723,110.65977898465934,129.10865609483196,147.90527140550998,27.16207643303392
20368.90478859437,37.05418174407568,1972.3587927464214,74.0068161450008,91.81091195427429,110.83865820552091,129.2653796168874,148.09898144586722,27.189238509466954
21087.96364099534,37.48552430490366,1960.1158910731062,73.77673490759348,91.79903969360251,110.64484693931327,129.11576172389252,148.14158413524294,27.216427747976418
20881.14236552101,37.36245543866309,1976.317758928723,74.08276126334007,91.91192615511773,110.72159177449656,129.26557167237155,,27.243644175724395
20975.25156937858,37.41848284191529,1958.5696871797056,73.74010213022828,92.01235164680091,110.87396773964882,129.36254724449185,148.10733299062926,27.270887819900118
20199.59657987148,36.95104338967328,1966.6698662588622,73.8995705324779,92.09245894016235,110.54797343040956,129.42147845885535,148.02001636588352,27.298158707720017
20093.079917799096,36.88605426644335,1970.853713227898,73.97738036766475,92.0048460893783,110.82940279701897,129.3654358085137,148.2577008582154,27.325456866427736
,36.88742087797311,1959.4924540613106,73.7592175763125,91.94713813614128,110.7676936915849,129.430196227795,148.23307599424209,27.352782323294164
20175.217080249015,36.935999588055175,1977.4254323172167,74.09634867251627,91.89438817790658,110.76015056158707,129.5025267015709,148.26742913785327,27.38013510561746
21048.248579881812,37.46188999557759,1971.9362741802286,73.99231660916396,91.89563882469193,110.7348657641333,,148.38029158741776,27.407515240723075
20277.22516319012,36.998417315538056,1974.1407466227972,74.03718392496651,92.00196864606262,110.80509053375056,129.56717610019635,148.51016208372968,27.434922755963797
20887.300662041634,,,,92.02870178044304,110.93536279705073,129.57103008611284,148.23163806876664,27.46235767871976
20672.53441842337,,,,91.92266033867651,111.07747767544703,129.6256154464482,148.30887721237946,27.489820036398477
21317.91348031918,,,,92.02916193277957,111.21754539008165,129.8263347724333,148.53768461321908,27.517309856434874
20402.28665694339,,,,92.26822175977644,110.99389141170664,129.71505396125855,148.47065021937613,27.54482716629131
20638.56931463586,,,,92.30466052458189,111.21983743447068,130.0237729255687,148.79307570360413,27.5723719934576
20222.34853924831,,,,92.32744111818516,111.12724684381473,130.09066492623407,148.5763119028298,27.59994436545106
20521.693954339247,,,,92.16860700439582,110.94972282062922,129.7702969289704,148.60461445619455,27.627544309816507
20512.85887221583,,,,92.3025053611454,,129.83611891565707,148.70306945054688,27.655171854126323
21124.295729894897,,,,92.23852534357749,111.2842775487609,130.11337167992778,148.70408493787193,27.682827025980448
20830.26177740947,,,,92.32448415899245,111.25385146846256,129.95616774604994,148.7835772794391,27.710509853006428
,,,,92.3863635899447,,130.2634623963111,148.64928743115902,27.738220362859433
21354.20809312768,,,,92.37070117774694,110.89393328262855,130.35880070677447,148.6846867580328,27.765958583222293
21293.687815418547,,,,92.38149332075697,111.18724414592954,130.15416789580544,148.92383130091898,27.793724541805513
20697.612049006046,,,,92.31089588052865,111.44399135575608,130.14022798517516,148.92623773316393,27.82151826634732
21193.59472694582,37.54782954053647,,73.74163309429565,92.45738102292916,111.49127875243819,130.38413916502657,149.00822221209467,27.849339784613665
19562.188687263395,36.55764597549353,1968.3767277571096,,,111.42182319238981,130.44044645020477,,27.877189124398278
21220.554678269258,37.56392279341222,1961.8508022130122,73.79691599392865,,111.69430104090232,130.6467349068825,,27.905066313522674
21178.870874275035,37.539088341386446,1986.9055419752726,74.27562763113659,,111.55192670653797,130.556902980416,,27.932971379836196
20424.928175508812,37.08793602784012,1956.210823217653,73.68545103341269,,111.48539064731159,130.66750309267775,,27.960904351216033
21238.2333779018,37.574354820398696,1982.8034838929411,74.20423880979614,,111.61884925070312,131.14092146292043,,27.988865255567248
20457.450090978982,37.107618864093006,1980.467155914009,74.1596568327311,,111.52444754019997,130.69708527864987,,28.016854120822813
21567.86020085489,37.767872327616274,1979.1102102056204,74.13205210764748,,111.65408821774537,130.71533176302293,,28.044870974943635
20648.917808668353,37.22312185417956,2003.1374296507843,74.59320376697029,,111.61212355944193,130.70942610991096,,28.072915845918576
20403.79268217526,,1987.2196347601423,74.2871735997595,,,130.89447108254598,,28.100988761764494
20817.895405454597,37.32458603775127,2008.8970205583435,74.70058909334587,,111.6355087143838,130.64488694285305,,28.12908975052626
21256.937342694524,37.58532199755199,1980.4369204182365,74.15402373711954,,111.6359555838141,130.9568486139552,,28.157218840276784
21364.30969329881,37.64849816868309,1989.6515467448976,,,111.84479290000685,130.94887723304933,,28.185376059117058
21230.816008106547,37.56981374727363,2015.6533244533478,74.82717682015156,,111.7536546024182,131.07448836523747,,28.213561435176175
20605.744970338954,37.19719605951979,1987.7266588836007,74.2936352849925,,111.90817159232182,130.93677084590834,,28.24177499661135
20808.203953360546,37.31872667049629,1990.9037324580318,74.3575437746455,,111.87347089787309,131.02213247031898,,28.27001677160796
20503.363595324736,37.13534522160246,2007.4588116997318,74.67004603190749,,,131.19308602099707,,28.298286788379567
20774.107763840813,37.29814721216547,2001.7846612711198,74.56513875792434,92.72317106403106,111.95471157484678,131.36572578227492,149.92111590663322,28.326585075167944
,37.769555144841306,1982.858160653373,74.19996884386465,92.74222895570202,111.94500342401105,,149.70633427047974,28.35491166024311
20405.8070229054,37.0763342913016,1996.2285506189057,74.45636235410915,92.76620808673937,112.07361548653623,131.1613131166513,149.89802031667912,28.383266571903352
21300.369725392226,37.61072563545617,1981.2013703622263,74.1683579862723,92.96909239885728,112.02964291370269,131.3364540615815,150.05226903159905,28.411649838475256
21715.000099466626,37.85341875240807,2011.3549356532324,74.7414677716856,92.71184252569455,112.21508195317192,131.39029664343238,150.29666714311912,28.44006148831373
20988.205494302598,37.42599096848237,1993.8047578426238,74.4083725402466,93.07260575832926,112.23557789145903,131.65321196798502,150.0046824451312,28.468501549802042
,37.43171077746954,2013.0093578457559,,93.06431139353921,112.20625174579635,131.4763942653473,149.9769051740815,28.496970051351845
21794.826021946457,,1989.4971692569125,74.3230771363749,,112.13690166635811,131.5649660914316,150.0597532013481,28.525467021403195
21692.774398091056,,2009.599051594181,74.71372032566904,,,131.62548213707524,150.14449184754696,28.553992488424598
21257.90147216307,,2008.6875887735202,74.69222887567695,,112.2478902420984,131.42819101127697,150.29904289577047,28.58254648091302
21655.72145032094,,1999.6343464227543,74.5217404956855,,112.06957777480179,131.5164386777555,150.19233290528146,28.611129027393932
20905.794396015477,,2021.3960918297996,74.93563148899248,,112.20381531803044,131.71462463167137,150.2202182950808,28.639740156421325
21647.94421284811,,1996.4087820663492,74.46150865523775,,112.1827722239072,131.67642848905595,150.41923989743034,28.668379896577747
21798.11183900476,,2022.3379810219835,74.95372140693568,,112.45329739493755,131.75614052105345,,28.697048276474323
21072.574089161844,,1989.2826215744349,74.32128599278535,,112.48394403997129,131.70835566913576,150.1677856121453,28.725745324750797
21784.566165272867,,2014.9276720863497,74.81403969953318,,112.36665563088116,131.82020435275325,150.40080795647134,28.754471070075546
20906.816471790604,,2013.4489343235232,74.78394551429163,,112.4408614575645,131.89977442492616,150.60603647774772,28.78322554114562
21929.89681747777,,2001.6471423219689,74.56160324349744,,112.33389142556017,132.04010152581546,150.35836623000355,28.812008766686763
21868.612213725508,,1998.5584675704902,74.49491276704764,,112.65135398771682,131.8948617378629,150.60368188397692,28.840820775453448
20930.698574319034,,2016.7853413902956,74.8480726136443,,112.45340411010314,132.02548364233024,150.91303669651862,28.8696615962289
22050.609432373993,,2015.1531342827186,74.82065964979508,,112.65409014636175,131.88136730770532,150.47563234631792,28.89853125782513
20977.286826514766,,2000.2094496912293,74.5295941112804,,112.64762100264744,132.00251807778966,150.6870385202219,28.927429789082954
21306.278942341847,,2005.9602380180236,74.64109667430165,,112.62086286617328,132.16037293467716,150.82746369892797,28.956357218872036
21462.450696319953,,1999.4224363090382,74.51610377729978,,112.8162012471568,132.1101045589798,150.8497845685679,28.985313576090906
21169.732540135992,,2008.950265826634,74.69719659095965,,112.76347132766496,131.93569674870605,150.8130956330053,29.014298889666996
22054.614768156513,,1998.9692767942854,74.50484346710387,,112.84778976248252,132.02497906656373,150.91848384675785,29.043313188556663
21009.60277912091,37.43861692365186,2008.4719503728336,74.68441593864796,93.46226684474938,,132.01771140105745,150.98182905069706,29.07235650174522
21859.41679539284,37.937168235352964,2006.744063520074,74.65469678429632,93.7378996040799,112.86658365102376,132.28583289994958,150.91083861095922,29.101428858246962
21061.565887223453,37.46951783954887,2019.2697207242252,,93.65204667119444,112.80853992322268,132.23226624698773,150.74646473924847,29.13053028710521
21140.435713900508,37.516326717611506,2002.9178146015065,74.57958937306034,93.75350758575418,112.83203451362532,132.1506127304403,151.0001453769912,29.159660817392314
20805.591505314438,37.31705807207636,2030.1411196720146,75.10518347234294,93.50401094609495,112.82014895719581,132.1377608709549,151.06756970757573,29.188820478209706
21606.69841788932,37.79032112350153,1995.4193693951484,,93.81259399884185,112.9010810804117,132.33355703150522,151.15544124194284,29.218009298687914
21553.655071429763,37.75949834440709,2008.7148436856025,74.68795260272135,93.56357562843596,112.99350976027544,132.32000748835574,151.37919395607022,29.247227307986602
21859.050815743394,37.937021975726886,2011.427715763445,74.73795714460837,93.92850412811619,112.97025144584644,132.39084831884819,151.34705950536082,29.27647453529459
21003.76310712914,37.43524321692568,2021.5854278952338,74.93670361702048,93.9126166088908,,132.2319166261098,,29.305751009829883
21740.18388031358,37.86812858750559,2031.9813963530464,75.13810999964221,93.81392658714348,113.09891875075785,132.60225050515893,151.37770392685138,29.335056760839713
21494.19330557895,37.7245798895301,2042.4714409140697,75.33597115675455,94.10229440988077,113.05460149357073,132.32407719494952,151.3606195389033,29.364391817600552
21236.137716318088,37.572701917817916,2011.3977715132232,74.74349006037497,94.1041091591182,113.38527797787623,132.22396642233875,151.52534542160646,29.39375620941815
21118.811892740257,37.50350398427676,2046.045996204775,75.4046762295281,,113.1790422149277,132.14651287268018,151.57684873491095,29.423149965627566
21607.707879261812,37.7909208701731,2020.9323784636217,,94.27592345242279,113.31584162259988,132.48512118997033,151.54341788507134,29.452573115593193
22024.41471424641,38.03250116165071,2033.0948535066036,75.15640668497015,94.0103858878613,113.48029289155059,132.44614439328737,151.46606679416664,29.482025688708784
22458.597086635873,38.28096166262157,2032.8383472386117,75.15365256051892,94.13127673407618,113.28902351761027,132.3709489889547,151.3375628974436,29.511507714397492
,,2016.1312820449887,,94.18911157476421,113.29334045636644,132.50783096368897,151.58702038933458,29.54101922211189
,,2017.396777674192,,94.2212313434748,113.42033949132957,132.57108117840193,151.6268805289911,29.570560241334
,,2044.4756969307796,,93.93616987257177,113.5446692317114,132.62766677668893,151.80908539173075,29.600130801575332
,,2033.2627498169481,,94.3035079159147,113.44923459549808,132.41879209312523,151.79170036177376,29.62973093237691
,,2011.9360373157274,,94.39375431391447,113.65115089834768,132.52866372266146,151.99065659237743,29.659360663309286
,,2045.874697231161,,94.13991854947605,113.6689138775214,,,29.689020023972596
,,2024.4647293968928,,94.44509382702876,113.56913898933709,132.69329604928683,152.0073756702918,29.71870904399657
,,2030.7452358926244,,94.48032421065196,113.62557075570243,132.79451460512837,151.84333257244194,29.748427753040563
,,2044.0054207586536,,94.39042715994954,113.51426242215702,132.48495005818793,152.1076575031053,29.7781761807936
,,2039.3832455136694,,94.58843367271625,113.637681998019,132.8253255710875,,29.807954356974392
20990.103633372448,37.427072001852196,2031.6552834712477,75.12692856134665,94.62386169718386,113.81120803018293,132.74262086725642,151.97772759060277,29.837762311331364
21126.990600645477,37.50831072293967,2026.7896139912893,75.03520229114199,94.52741334887999,113.93695596177892,132.7979088680829,151.9664888857845,29.867600073642695
20996.84200862958,37.431082446414706,2044.2977108977173,75.36331853680933,94.63345469522535,113.81912137204176,132.96545450362842,152.17294512712357,29.897467673716335
,38.064133399340825,2041.688866777924,75.31818686810772,94.76982907293855,,132.96749873595724,152.0577169303426,29.92736514139005
21696.694883688273,37.842682450322044,2046.9760151911796,75.41598256514757,94.70729504170734,113.98747547420298,132.94103175132827,152.2344534844013,29.95729250653144
20882.297276984067,37.36279595027925,2056.6528624652337,75.60206221354217,94.79046250904084,114.33123836834942,132.87833819400413,152.13465990122228,29.987249799037972
22295.412106481042,38.18800933451853,2032.6839918635799,75.14883266346202,94.96377364361015,114.25982077856328,133.01200358623635,152.43565674639538,30.01723704883701
21749.111462813733,,2053.2038222800725,75.53180901746707,94.55233971225687,114.10627629907081,132.98473771436085,152.47690732346146,30.047254285885845
22006.14644062514,38.02200382082472,2042.205528024586,75.32659772850396,94.87195023805636,114.06057565536076,133.16093645544342,,30.07730154017173
21545.416287619002,37.754433777031,2033.1246015612437,75.15443780787527,95.11724945530636,114.15903319104174,133.0954912831632,152.32476405581247,30.107378841711903
22241.426481277325,38.157237163875735,2044.1616668216861,75.36437239988155,94.8466627620281,114.18966041185675,133.26392319746208,152.57156092122332,30.137486220553612
22184.49314809596,38.124469836981085,2044.5246650149738,75.36819903383932,94.83629071617973,114.32032555365085,133.12778288620822,152.40954915202929,30.167623706774165
21751.040071766274,37.87440706039016,2061.5572284161817,75.69479052854749,94.90417468752665,114.34817795332292,133.3128149889475,152.79087124152136,30.19779133048094
21795.622189238653,37.90023788989445,2059.423973768764,75.65262605897723,95.17243147814018,114.32480209434806,133.29224858288293,152.81984509977082,30.22798912181142
21105.13326880559,37.49536451153476,2071.57801076205,75.87879820834844,95.02223452664495,114.38904886433207,133.30748870298268,152.69996795434804,30.25821711093323
21313.18314083408,37.61831730526251,2053.5928077272906,75.54201173186846,95.2796942899888,114.47465342432774,,,30.288475328044164
21827.487884516147,37.91871934133109,2046.790682403363,75.41194559760291,95.14066424210591,114.554058542671,,,30.318763803372207
20985.3990618416,37.42424228601547,2060.80292347808,75.67543621977177,95.08925723814833,114.54960292394254,,,30.34908256717558
22084.077226583737,38.06686378825652,2053.5018060359416,75.54075498115313,95.23094683283006,114.45311030323042,,,30.379431649742752
21531.68854098427,37.74656302104705,2083.295516102657,76.09591299590628,95.26770564489979,114.37561577227412,,,30.409811081392494
21008.361018213716,37.43792725420972,2053.4799686481447,75.53925729463906,95.6331170750149,114.72290409288041,133.50581318242345,152.78981070173316,30.440220892473885
21882.95402084979,,2066.7031542720683,75.78824946360444,95.42294537954274,114.64982170367604,133.6542766108445,152.83831362443547,30.470661113366358
,37.638038392608905,,75.69856608595734,95.55042235763136,114.95563582755726,,152.70720115770175,30.501131774479724
,37.67484124035589,2054.5735752110104,75.55661809746086,95.48602075862483,115.28708880424547,,152.9273966001522,30.531632906254202
,37.53558658094217,2062.642144931591,75.711764649878,95.52358076454927,114.83918362093534,,153.04266343506814,30.562164539160456
,37.453775015451065,2069.639557779456,75.8435143660706,95.64999401972099,114.93598451698331,,152.94168095269035,30.592726703699615
,37.64053024431264,2063.1182434468087,75.71768831153845,95.39916701957074,114.8129516413572,,,30.623319430403313
21072.88032424964,,2064.0572916508136,75.73909047735789,95.66264411471741,114.8886070347478,134.10175096429867,153.09408221203228,30.653942749833714
21379.193726114394,37.65715556030237,2077.296954523918,75.98317256669276,95.58772165626448,,,152.9509564985644,30.684596692583547
22178.044528095077,38.12088438986783,2078.066800763367,75.99877086066779,95.76333932265636,114.90048012688511,134.17844672995568,153.14653443608657,30.71528128927613
21184.509328524673,37.542475072703276,2056.355011258366,75.59094425016274,95.82595151778564,,,153.22563306225152,30.745996570565406
,37.796595447967185,,76.21941751772434,95.84013808250107,115.1644644754065,134.4918278610622,153.2628294677635,30.776742567135972
21632.416922565084,37.805333065340406,2072.7692602529705,75.89712979884759,95.59401922897601,114.9585488429729,134.38631679107863,153.32707775152323,30.807519309703107
,38.09946029308616,2088.1641456300035,76.18917066545048,95.95161246596832,115.12651470513796,134.36780456598802,153.2036578065732,30.838326829012807
21328.630032948407,37.627541157876045,2085.4840301615345,76.13808570146017,95.97831555700773,115.196217140015,134.39739052733702,153.38476692865612,30.86916515584182
21765.339987262527,37.882694632663906,2088.1094239952286,76.19011461630089,95.99070439450202,115.1051011596469,134.323031517466,153.36374719897668,30.900034320997662
21256.650609915196,37.58503006888717,,75.89153021980164,95.92190915430807,115.3100401781598,134.48285191458348,153.48053363120664,30.93093435531866
21819.645970044643,37.91437328697225,2093.573270438898,76.2894450325229,95.92759294828699,115.33766712589554,134.71064967607097,,30.961865289673977
21349.629526418088,37.63984934183418,2100.8932969267994,76.42378817309795,96.08250948666101,115.46514271685169,134.8372091037179,153.52801865638313,30.99282715496365
22092.737101262046,38.07192749386267,2076.9428026764604,75.97746785844058,95.99680569376014,115.25880810835838,134.95939239776135,153.48534170019337,31.02381998211861
22342.940780015088,,,76.23082240176515,96.37942364729295,115.68018479302673,,154.11291326237756,31.054843802100727
21263.070660947757,37.588930568142466,,76.34559026875836,96.25453204659674,115.6368859974323,,153.54906983167766,31.085898645902827
21933.16153759843,37.98003537763907,,76.4638758479217,96.0381129835032,115.41244986303114,,153.18717786492508,31.11698454454873
20904.9464698007,37.3764942190374,,76.17622798502542,96.19283141921751,115.55841133114367,,153.77983248142917,31.148101529093275
,37.509970767950755,,76.4788498123404,,115.64671062848646,,153.82233928981762,31.179249630622365
21222.56482878025,37.56497629970257,,76.3294546900504,96.18154132359327,115.8439483856912,,153.52741460650697,31.210428880252987
21482.584765869797,37.71795897635087,2100.0914456638056,76.40622643448854,96.24166901044698,115.58294293615431,135.22531061935072,153.53816022021488,31.241639309133237
21333.018422553585,37.63012105152256,2091.2688266219543,76.24544891474352,96.3352504753827,115.66885151453424,134.7524623711541,153.67429338923537,31.27288094844237
20887.80406366951,37.366293382273014,2093.1582612161055,76.27875361436698,96.38918816105827,115.40174563866631,135.21654646620195,153.72370088819338,31.304153829390813
22069.4732550441,38.05856222295046,2114.645275888218,76.67812315673314,96.43959800553954,115.7233055222547,135.11777040211433,153.72317172361727,31.335457983220202
21622.59015676147,37.79981606579952,2105.7557899087315,76.50942611012327,96.46222344839882,115.95890450358259,135.2729319042631,153.7132010802149,31.36679344120342
21555.607740247866,37.76077029281565,2096.18207738775,76.33391569051415,96.63263763397836,116.03420467047677,135.43990496914307,153.77848649480632,31.39816023464462
,37.71677243473713,,,,,,,31.429558394879265
,37.43902825938266,,,,,,,31.460987953274145
,37.53355717754033,,,,,,,31.49244894122742
,38.09086095617114,,,,,,,31.523941390168645
,37.45533289900773,,,,,,,31.555465331558814
,37.98293403802155,,,,,,,31.58702079689037
,37.56072910279572,,,,,,,31.61860781768726
,38.05610118481273,,,,,,,31.650226425504947
,37.825879847855646,,,,,,,31.68187665193045
,37.58007787741034,,,,,,,31.713558528582382
,37.54733479699033,,,,,,,31.745272087110962
,37.886940245845835,,,,,,,31.777017359198073
,37.757641224115496,,,,,,,31.80879437655727
,37.69258523136619,,,,,,,31.840603170933825
,38.08518433547935,,,,,,,31.87244377410476
,37.75690818097221,,,,,,,31.904316217878865
,37.81698422238098,,,,,,,31.936220534096744
,37.73934663752459,,,,,,,31.96815675463084
22196.39456927036,38.13157745520847,2136.940593897351,77.08703183524574,96.8300726242263,116.49148765359077,135.81761002435056,154.19045214144526,32.00012491138547
22217.34961769512,38.14353893565055,2157.3309052647032,77.4617281324682,97.06508415774614,116.72152234949793,135.77661035411444,154.35158115656998,32.032125036296854
22320.27341060433,,,,,,,,32.06415716133315
22364.450562917027,,,,,,,,32.09622131849448
22020.721944168068,,,,,,,,32.12831753981297
22207.505905450525,,,,,,,,32.160445857352784
22230.192559388866,,,,,,,,32.192606303210134
21151.639840777167,,,,,,,,32.224798909513346
21851.655970517433,,,,,,,,32.25702370842286
22413.342077421235,,,,,,,,32.28928073213128
22278.406221592602,,,,,,,,32.32157001286341
22588.130912547793,,,,,,,,32.35389158287627
21645.569151421478,,,,,,,,32.386245474459145
22459.08509064805,,,,,,,,32.4186317199336
22555.11999072058,,,,,,,,32.451050351653535
22491.21605946411,,,,,,,,32.48350140200519
21572.96500951598,,,,,,,,32.515984903407194
22058.00186441813,,,,,,,,32.5485008883106
22118.896082186635,,,,,,,,32.58104938919891
21880.814938429892,37.94974039943601,2183.916534957352,77.9430410426171,,116.8880486466925,135.94442850463972,154.7142354776961,32.61363043858811
21768.61944513668,37.884921811979424,2184.175449023747,77.9420425399874,97.19930704754475,116.99889117357465,136.15483198142093,154.92637230064375,32.6462440690267
22158.154649441072,38.109611281918966,2190.765271282362,78.06197642100236,97.38358219359583,117.04862784338589,136.10156973761846,154.77906726222855,32.67889031309573
21761.067923743445,37.880519336409456,2180.9224069187553,77.88061589269155,97.34797881011532,117.20552461941303,135.9771199563564,,32.71156920340882
22728.122389284483,38.434130278477824,2182.9199993552897,,97.63838212921205,117.06397164400778,135.92962898843342,154.95009456709104,32.74428077261223
21971.681783614735,38.00244285999245,2213.49498066368,78.48198311042417,97.5007761682603,117.18697201939975,136.03427333823066,154.9536019159267,32.77702505338484
23156.49460471823,38.67410951782674,2202.847595160183,78.2822087563771,97.66313263901756,117.0966386445134,135.99841476995908,154.99228390601908,32.809802078438224
,,,,,,,,32.842611880516664
,,,,,,,,32.87545449239718
,,,,,,,,32.90832994688958
,,,,,,,,32.94123827683647
,,,,,,,,32.974179515113306
,,,,,,,,33.00715369462842
,,,,,,,,33.04016084832305
,,,,,,,,33.07320100917137
,,,,,,,,33.106274210180544
,,,,,,,,33.13938048439072
,,,,,,,,33.17251986487511
,,,,,,,,33.20569238473999
,,,,,,,,33.23889807712473
,,,,,,,,33.27213697520185
,,,,,,,,33.30540911217705
,,,,,,,,33.338714521289226
,,,,,,,,33.37205323581051
,,,,,,,,33.40542528904632
,,,,,,,,33.43883071433537
22896.856353011175,38.528914396371434,2226.1634643738957,78.69455440609737,98.40392935955293,117.42738970640032,136.18076098715923,,33.4722695450497
23031.353544425587,38.60417321134171,2232.9878835413933,78.81472826328483,98.3453817707424,117.74959818962905,136.16334649548907,155.70254431510068,33.50574181459475
23800.262263785487,39.02955824529854,2247.502186717559,79.08052664572506,98.2301853914482,117.35803974002219,136.05552844351377,155.64172184454154,33.53924755640934
23247.84535043949,38.72497544370105,2254.6667858472347,79.20950483724164,98.47556618907029,117.40088205756037,136.42091470148802,155.75302516759734,33.57278680396575
22705.72772302012,38.42108231854765,2255.2560809669485,79.21355306600401,98.48803112944184,117.51580324687784,136.24958035966185,155.64806718354055,33.60635959076971
23070.286693629856,38.62595441115766,2228.663504299899,78.73938599425935,98.44936063082928,117.49850795040997,136.26664758905162,155.6301784930607,33.639965950360484
,39.25636403425131,,78.83634303181474,98.3280938283601,117.57768028093872,136.28657920760642,155.81811391298226,33.67360591631084
23691.45991080352,38.96982510059882,2231.78309127665,78.7925920993063,,117.51952902496504,136.15958555735241,155.77985026575269,33.707279522227154
22717.523825003784,38.4278533214513,2254.631890040442,79.20548847189818,98.32840009255898,117.62991492314367,,155.78909914163125,33.74098680174938
23333.408017817197,38.772436206117156,2231.656801113784,78.78785449040319,98.40831587264698,117.61076713402053,136.47683407319715,155.77558154040938,33.774727788551125
23543.808594451457,38.888598207293754,2245.616197782881,79.04207976445257,98.58247490307254,117.57781191835441,136.46956370001269,156.01311777055287,33.80850251633967
23965.52025922173,39.11967911097862,2235.950934530227,78.86527860786056,98.40091461249928,117.76980079989495,136.26816592032552,155.81505246658406,33.84231101885601
23895.17516640687,39.08129849913522,2228.2642862502853,78.73193411997181,98.44255938489651,117.50794655198771,136.3143456759352,155.71123282009577,33.87615332987486
24143.519864675916,39.216338985056,2243.1015256924416,78.99127362734237,98.44776441008135,117.70587617089842,136.38656514150586,155.9371858109996,33.91002948320473
23570.707226343864,38.90345962619747,2256.459586756681,79.23299178267624,98.53328452938263,117.4811521133099,136.3439364342865,156.11988034429612,33.94393951268793
23849.750569771495,39.05642562114911,2239.565421895622,78.92650811715124,98.62485106652576,117.63838905958629,136.4313397201849,156.03182214043323,33.97788345220062
23942.606987376512,39.107081103462924,2230.2605678264226,78.75879231717931,98.52823225748268,117.63988940091254,136.54672486449593,156.14027670367136,34.011861335652824
23887.88499804336,39.07705419459718,2251.2887305812264,79.13509148389917,98.32239658235517,117.80545987425114,136.43556564720936,156.11689117401178,34.045873196988474
23806.11643307324,39.03254028876733,2268.364823065706,79.44265407671894,98.56565451231396,117.71414720161935,136.47614451945634,156.28204932232327,34.07991907018546
,39.400088702535534,,79.08956844823048,98.88379042740281,117.67159884033622,,156.2213948506708,34.11399898925565
24765.278648099258,39.5501576911761,2270.0366754687525,79.47513363558627,98.64475398657005,117.74289870907782,136.28113306913582,156.18902481393403,34.148112988244904
24519.755350380685,,2259.2650512588657,79.2753543640222,98.82433080905811,117.82140390836456,136.52131417833465,156.37975555315825,34.182261101233145
23835.82819605168,39.04874450755437,2272.3705574665128,79.51259898292506,98.66303950465438,117.72942918157534,136.54009490400503,156.23870637302642,34.216443362334374
24911.140796559663,39.62777160255165,2273.9911639707484,79.54704360707244,98.92911312527558,117.67162976751872,136.7441978106945,156.38881789670242,34.250659805696706
24207.79982551111,39.250998653172076,,79.50699497082674,98.93326952294433,117.76369278956771,136.57331195567014,156.33146107328923,34.2849104655024
24091.732605877223,39.18807698875815,2280.3435661076965,79.65237274492,98.8202420518189,117.72182124556011,136.50145664063507,156.4860231893416,34.3191953759679
24960.18827343703,39.65374947725161,2274.0401117431966,79.54347199600751,98.92511835609291,117.70693830380446,136.72249277399874,156.54788974062745,34.353514571343865
24520.675677588777,39.41939376728405,2264.282484416578,79.3655709098118,99.06827366624336,117.86129875001501,136.66056821573255,156.51933543036148,34.38786808591521
24648.869056954387,39.488012871375794,2270.6899823005747,79.48027026071247,99.04229409102456,117.94476408064585,,156.78792209923026,34.42225595400112
24230.004372785566,39.26292222832783,2261.785255039026,79.3219780160803,98.91047850928304,117.85201084719121,136.88919909657437,156.7034347152478,34.45667820995512
24480.736217609312,39.39804816101816,2246.6310777051444,79.04308387426653,98.87070339246235,117.70879108437987,136.86511012325613,156.5862527631574,34.49113488816508
24267.135894394494,39.28308731742319,2266.898253719559,79.41279954437027,98.85048337531967,117.74668741807047,136.69341133881676,156.75615358855464,34.52562602305324
24122.800869086394,39.2047897922774,2268.698805692364,79.44131239495191,,117.91051971921738,136.68283675924212,156.8462394722116,34.560151649076296
25701.78174400989,40.04281203517641,2261.1821099721374,79.31086372509321,98.96784287063346,118.03748449315697,136.71671620842162,156.8047941608112,34.59471180072537
25400.762601682054,39.88582853638666,2254.4923737066956,79.18746958755113,98.91450261084003,118.05856061771667,136.88714259401132,156.81254049776174,34.62930651252609
24541.2950355791,39.43035598188477,2273.353539231205,79.52073117451566,98.74089697367339,117.88597994597967,137.00396351892954,,34.66393581903862
25828.995965576723,40.108808511962955,2267.1257602782894,79.41055266509686,99.06341679539734,117.999819448704,136.87351021924206,157.16639360397997,34.69859975485766
24391.69424317286,39.350016454159025,2270.7548478129643,,99.22934481028017,117.78084091230276,136.89075402834476,157.1257512924001,34.733298354612515
24698.153270523224,39.51425710777669,2276.5901228294956,79.58061662291296,99.04590305998984,118.05275751122585,137.0910476657294,157.01528113564598,34.768031652967125
25724.396996377764,40.05442463505298,2260.6970999504765,79.29823611320874,99.0098741050419,117.94490310039966,137.1171752244181,156.92941541758248,34.80279968462009
25673.846772286204,40.02837645380149,2278.3157489068417,79.61159479269368,98.9231597777916,118.01367247390974,137.00167540169215,157.31970088845088,34.83760248430471
24902.805197440986,39.623232239753385,2254.9538795273334,79.18741123349751,99.07666746548887,118.22323744880423,136.8295381032038,157.12389731928803,34.87244008678901
24661.059073701417,39.494351948844496,2261.1212090243375,79.30173279722868,98.91867166028659,118.07130905110539,137.1702751081577,157.59458993034568,34.9073125268758
25488.94406981825,39.93176570467196,2277.6618396782546,79.59858893170971,99.10913524651446,118.04505188412368,137.15211446493902,157.34352513708455,34.942219839402675
26042.23314437412,40.21896065527783,2276.103102965401,79.57033618287704,99.14221345695819,117.90607543745914,137.2442962386947,157.56053594249965,34.977162059242076
25496.202279891382,39.935658470406494,2258.041303758805,79.24682473597016,99.10465896779353,118.04666362902621,137.33989222926448,157.5301819352174,35.01213922130132
25435.603313281288,39.90389674864683,2290.3326708172785,79.82726523206236,98.98434453093569,118.0206852801264,137.15812244792698,157.6332869372375,35.04715136052262
24905.139903263684,39.62435741829646,2286.680418438961,79.7600406497135,99.19075202118586,118.10085441962637,137.4210522987078,157.5925026702521,35.08219851188314
25097.109109243935,39.725943539475416,2279.272890370396,79.62706839647223,99.13164546424387,118.10003051102036,137.42599599951356,,35.11728071039502
24886.878958295572,39.614625010178905,2275.904545389518,79.56475249993105,99.12778827501302,118.21142445264041,137.4139694864956,157.63343947804233,35.15239799110542
25439.51381146974,39.90584179136383,2280.8580159665967,79.65301442637296,99.06805574699082,118.32165638699627,137.5805642089746,157.60023238406322,35.18755038909652
26027.440368875737,40.211102259448374,2303.0095949999923,80.05195966852864,,118.07774338965169,137.32986320354001,157.8414212834423,35.22273793948562
25107.799979794272,,2286.5596770351253,79.7559630835753,99.0326027266999,118.36332513831911,,157.79318299296196,35.2579606774251
25164.11172853454,39.76118634238985,2288.2804323529895,79.7865469387123,99.19400380807299,118.22443659629846,137.36798702863254,157.8537397217885,35.29321863810253
25681.029648369273,40.03179922275708,2293.6505455043157,79.88307634119778,99.16334599438859,118.18297755908995,137.38026302170462,157.9327477014911,35.32851185674063
25851.16801521704,40.12005638790428,2275.1803354227454,79.55069007760649,99.2921897792671,118.35735360889676,137.53675836418748,157.9982007474081,35.36384036859737
24992.755244757416,,2277.130262157015,79.58486138738043,99.22654812332932,118.14764077942962,137.52938908175122,157.8457774278777,35.39920420896597
,40.32473868532012,2279.3921254593683,79.62478611226882,99.19959986191877,118.21195112369875,137.62423164422137,158.03652312558052,35.43460341317493
,39.83839070149275,2294.36441125332,79.89502589194065,99.01892902793115,118.38490285385186,137.77747666686452,158.21058157742806,35.470038016588106
,39.93992509250673,2272.061113556378,79.49369860960374,99.39224286657978,118.34119677802998,137.74996056927557,158.13955549701672,35.50550805460469
,40.282080530523245,2296.613193939813,79.93591056440326,99.24087914640585,118.49283082091222,137.8850974274584,158.24703729644872,35.541013562659295
,40.292683562685184,2286.816126797872,79.7592330024949,99.23019820287686,118.46635569912543,137.98151142693825,158.4928119602954,35.57655457622195
,39.9478314269979,2271.3733217680647,79.483616801974,99.27206552226846,118.32910002895947,137.94355892943705,158.44449433417026,35.612131130798176
,39.81062185836346,2294.830892820637,79.90535351484202,99.33343571813016,118.26674407048796,138.00210901097884,158.2937506737773,35.64774326192897
,39.94665146890981,2266.7364051778313,,99.5405812212906,118.55867814851928,137.9352508525553,158.4171302605203,35.6833910051909
,39.93933382803542,2255.113671581815,79.19170045695556,99.2525666793463,118.5008709204186,138.06951268187777,158.51609254891244,35.71907439619609
25085.21340422026,39.719372850352784,2292.872675638661,79.86807964770183,99.12594772467993,118.8379089207807,138.1519401321141,158.45444761633337,35.75479347059229
26522.283162344058,40.46452587547874,2275.5625415327872,79.55445810619098,99.36920083213656,118.62830851635208,138.00154220574748,158.51168633524026,35.79054826406288
25981.781904703694,40.1875187674637,2265.32215897857,79.37356649159678,99.46053091925704,118.65794567206885,138.20249887044028,158.64643762403,35.82633881232694
26636.069487035118,40.52235124534051,2269.875521382812,79.45782264608904,99.18781788092815,118.41923012654351,,158.75648382082633,35.862165151139266
26210.97765708249,40.305444225790964,2295.0994975311214,79.90966218473179,,118.77681407573151,138.16145698207686,158.62684345422738,35.8980273162904
25816.774713529827,40.10221123475432,,79.59870792293648,99.31846267215644,118.64202957107427,138.65517291210236,158.90701974050273,35.93392534360669
26297.229216621716,40.349767251460854,2274.8155674926725,79.54129081704241,99.3101018733846,118.8518793465213,138.47354453141415,158.97815018487734,35.969859268950295
25705.11688122753,40.04415402844379,2286.4616727616385,79.75007563099719,99.4924871529194,118.87587040256955,138.56943157800626,159.07222749428536,36.00582912821925
26031.163664300584,40.212984238564836,2292.4855273160288,79.86272473778547,,118.71877355021982,138.60420626255245,158.75097686716632,36.04183495734747
26297.96532074044,40.349981520930044,2280.6649591729765,79.64666397277341,99.40839726231863,118.85559347233956,138.42622527982743,158.52910336904762,36.077876792304814
26650.37494570022,40.529591320336756,2269.159569671314,79.44027283017128,99.39036293652647,118.93279274747482,138.45777148392048,159.1823367041569,36.11395466909712
26876.574154282527,40.64394609260059,2278.0652288105357,79.5998394609975,99.40325516603164,118.97238256360701,138.8481728663591,159.09296101225598,36.15006862376622
26258.268524250536,40.32964657101289,2293.473320859641,,,,,,36.18621869238998
26599.125339526814,40.50350949931208,2273.5905287017154,,,,,,36.222404911082364
26729.88112599559,40.569866067521936,2289.700079323618,,,,,,36.258627315993444
,40.54592618804431,2269.3574309077885,,,,,,36.29488594330944
26657.249557241325,40.533000648309944,2280.198833765635,,,,,,36.331180829252745
26556.60384032279,40.48183428742551,2270.6070103101,,,,,,36.367512010081995
25865.287568633972,,2297.9523212628496,,,,,,36.403879522092076
,40.34323384061633,2278.9661302943346,,,,,,36.44028340161417
25739.00671702559,40.06172682374299,2285.4547395022823,,,,,,36.47672368501578
26999.698848751996,40.705827418082876,2297.543540323058,,,,,,36.51320040870079
26687.04070871975,40.54813752385395,2289.9797487325873,,,,,,36.54971360910949
26411.246733617623,40.40776239187579,2288.9978412323526,,,,,,36.586263322718594
26927.31820987597,,2296.5728629742043,,,,,,36.62284958604131
26741.222973553296,40.575421775661994,2307.4928307031128,,,,,,36.65947243562735
26598.750898468497,40.50319373169451,2283.6487295147203,,,,,,36.69613190806297
25938.7506143331,40.1651947201424,2290.3397992203836,,,,,,36.73282803997103
26071.873969061497,40.233809201756905,2294.88986598393,,,,,,36.769560868011006
26092.120455542357,40.24422771470252,2306.6496218389434,,99.99683486916437,119.76265972591182,140.31962193735646,160.04348312796483,36.806330428879015
25944.290766562153,40.16799864764441,2309.457675510274,,100.03484243390695,119.68740149527514,139.9686215062071,160.13001795954133,36.843136759307896
,40.64305220622062,,,99.96747147673791,119.45174225618372,140.03180990840983,160.17464548971776,36.879979896067205
,40.73839665046601,,,100.0577728940342,,140.16504839226053,160.104474646291,36.91685987596327
,40.67100498025021,,,99.9987268573901,119.6815623003423,140.17707767438583,160.1927238388874,36.95377673583923
,40.97022658176561,,,100.08011237730808,119.81689877758112,140.35978149154653,160.26682773357007,36.99073051257506
,40.188311961145565,,,100.05374503140223,119.6814606820858,140.4602272703996,,37.02772124308763
,40.19227376658696,,,100.08167341382486,119.64005774837428,140.46576911401885,160.25286695042865,37.06474896433072
,,,,100.12208459754655,119.68244681337089,140.24072904428016,160.32428564766875,37.101813713295044
,40.740918599207006,,,100.23025725354272,119.90167419203709,140.453100346518,160.6351702354392,37.138915527008336
25861.02850383792,40.125115774513645,2294.893516567044,79.89773236312485,100.12853961525478,119.98168995091838,140.51833208820617,160.55957791263583,37.176054442535346
25911.159236567382,,,80.23028771616583,100.24780724344619,120.00619366263537,,160.52326015568528,37.21323049697788
27230.692695454614,40.82157710245266,2310.6911506787633,80.18289149352182,100.1072718150248,120.08499330427564,140.6810666161642,160.37342862955623,37.25044372747485
26105.57334972769,40.25119062493117,2293.8144547585994,79.8781705479754,100.16885866717432,120.11323477887284,140.81482301979273,160.55328198553,37.287694171202325
27010.079790369895,40.710924333387986,2289.7576283587,79.80888237398021,,119.93068814677775,140.73415440545307,160.62626366475328,37.32498186537352
27177.59084366067,40.79510703136427,2297.5509443213587,79.94569330989125,100.28967107614666,120.11853801287683,140.79455852062935,160.63407003801387,37.3623068472389
26961.34432716964,40.686488385609096,2292.496022790628,79.8570185036298,100.32104515023575,120.0284598115425,140.93390019511344,160.66950528293495,37.39966915408613
27102.33945497186,40.75733087013921,2302.3086219233937,80.03282751766747,100.43848633409165,120.14056526655978,140.74636434722635,160.85501614351287,37.43706882324022
26349.256995943586,40.37604950013718,2287.734632500949,79.7723873072398,100.2853330054478,120.20343520514655,140.75464498747235,160.95903628641298,37.474505892063455
26473.908089398006,40.439675442427344,,80.01024881390082,100.3879262266567,,140.6146079945711,160.85690397148932,37.51198039795552
27093.58869795867,40.75296393724523,2305.7541389119756,80.09420178695811,100.49349590428753,120.25213644661831,140.97820321133364,161.2194035342189,37.54949237835347
27524.58113727449,40.968118186091175,2309.0987056561294,80.15397317841179,100.47426792092851,120.24398171044004,140.81629761037834,160.97469058486072,37.587041870731824
27223.25057120454,,2327.603839796355,80.4812973032263,100.24938237258621,,141.04255519226302,161.01608731374662,37.62462891260255
26112.346284633775,40.2545512586159,2323.768003591269,80.41402722627645,100.34714239767763,120.36098919574184,141.01242543011466,161.04798301637496,37.662253541515156
26386.456254371744,40.39510840687209,2333.6826750932046,80.59449711766226,100.46027535768008,120.5793923731546,141.16394549403327,161.15204273548284,37.69991579505667
26716.008440862133,40.562683526513865,2308.383714456758,80.13556162918289,100.28602058169585,120.31835162861503,141.0777390001522,161.04729869452214,37.73761571085172
27080.110983865754,40.74630910288493,2338.5746993513053,80.67674853359846,100.61430935511741,120.5217910953636,141.09330944842313,161.30660843359863,37.77535332656257
26333.1866015928,40.36783849454023,2334.0706094185316,80.59627985310178,100.50696614254821,120.40206332472005,141.11925612927925,161.32428763442545,37.81312867988913
26558.568404535126,40.482717681275766,2312.8043656888453,80.21752916013124,100.51812194423587,,141.31690298474373,161.33476942325473,37.85094180856902
27129.08525632028,40.77076263588056,2316.6967191450753,80.28983965819558,100.56379270934734,120.52270060444982,141.18099271175112,161.1737394845191,37.88879275037758
27478.204770574335,40.9450928398776,2326.6120599736832,80.46652879577238,100.77784256702272,120.69233498148014,141.15351148076397,,37.92668154312796
26137.151266118217,,2309.8635244749958,80.16994993285259,100.61890223706104,,141.1434517452851,161.37082285566188,37.96460822467109
26710.4144208283,,2311.7456490937775,80.20534589514948,100.78938715971515,120.65133816750739,141.35515901062908,161.43257853300176,38.00257283289576
26626.462153467386,,2315.9098486875,80.27259498449685,,120.6299647119862,141.26134079751333,161.5649065770243,38.04057540572865
26630.565148350088,,2326.099742264199,80.45552264184998,100.82166509327187,121.12928040886801,141.40361412072622,161.40366041300803,38.078615981134384
26919.586953039274,,2324.593454660158,80.42467037076999,100.7510975590761,120.90487541427265,141.18606070628604,,38.11669459711552
27188.32854690201,,2341.937445911893,80.73309678033758,100.47443160332999,120.81237951562898,141.6053930807604,161.35344708959047,38.15481129171263
27107.62333895242,,2348.686314678068,80.85356900625361,,,141.26139538169346,161.69070570120067,38.192966103004345
27235.067307485242,,2350.6427883335773,80.88885053300531,100.7346352542449,120.9005302330981,141.38125731571583,161.70606078648274,38.23115906910735
26028.935446300035,,2330.412674630784,80.53098603301089,100.76166193466455,120.84614307114954,141.45593077444326,161.82031529839875,38.269390228176455
26406.33549943175,,2324.005513568752,80.41638727307031,100.85157231424081,120.80590236631139,141.4463391717031,161.6101538398738,38.30765961840463
26730.55622546959,,2322.010646311371,80.37713928283873,100.93841757131214,121.1180907100848,141.56324050052183,161.72468480861505,38.34596727802303
25924.13402748835,,2326.4033942900696,80.45532866878392,,121.04385257085556,141.30735259114712,161.70399704687145,38.38431324530105
26405.903756338794,,2352.7609963065443,80.92433305291758,101.04334758825975,121.07080163094781,141.41219124298644,162.0123337409299,38.42269755854635
27661.87326345724,,2322.4676442670084,80.38766910966672,100.86662345933757,121.06979028694535,141.43893797553983,161.72344346765718,38.4611202561049
26947.218654218195,,2335.1827092635763,80.61086832434589,101.07444427806932,121.2650026934218,141.46382122392063,161.91015422774456,38.499581376361
26215.12488023876,40.30737318394263,2341.981376525317,80.73712730467669,100.93421697398485,120.98054459130299,141.34505457048124,162.08589650470245,38.53808095773736
26886.884424297878,40.64897451717033,2350.0450289334935,80.87488935121931,101.01255329380753,120.87011332160864,141.6868847010274,162.0370205816466,38.57661903869509
26986.16471076263,40.699045474437725,2353.0395022870575,80.9251969684015,100.87404581765973,121.0285072138996,141.7303012944632,161.92745078025223,38.615195657733786
27609.81762726498,41.01032161995857,2323.4756769370856,80.40461028793584,101.04933086088916,121.097216227296,141.53805657132682,162.12013883839907,38.65381085339152
26495.801570930493,40.450839183061404,2332.2378495442244,80.55836357502986,101.19343042321306,,,162.11499243321936,38.69246466424491
27352.37726410427,40.88240026635567,2356.8803503996683,80.99614040265988,101.34031672493815,121.29858419056065,141.4974962705116,162.09041039557673,38.73115712890915
27278.310067412513,40.84567757728904,2362.915200757037,81.09893894840796,101.1110708829379,121.30834235379501,141.5653243354895,162.1798224764737,38.76988828603806
26525.959661823643,40.46619650644054,2330.9434600703507,80.5361026552997,101.03804577220514,121.2613222018372,141.61025924266258,,38.808658174324094
26005.417922326313,40.1994215087326,2337.2824658673053,80.64152975318072,101.11239723823854,121.5327200939424,141.869667677825,162.22262062936755,38.84746683249842
27513.603357505355,40.96261213471131,2350.3303425759514,80.88219882339001,101.32660845908457,121.43899721324671,141.63502047967913,162.36366991523917,38.88631429933092
26835.89024742996,40.62329599366964,2325.543722401266,80.43658930153276,101.26410642071407,121.2272986745748,141.82010373125453,,38.92520061363025
27654.913403340157,41.03261757410876,2371.182435944078,,101.25529663834952,121.56380605703355,141.898531774301,162.31054745755958,38.96412581424388
26651.494253445162,40.52988838002358,2348.397662756312,80.84444730608794,101.1802471940515,121.53550511964627,141.56020068134214,162.54506452943963,39.00308994005812
27288.461785418593,40.85047149880609,2362.9514074799545,81.10123862437294,101.43015647109138,121.67978235278585,141.78274739964132,162.4293730216549,39.04209302999818
26262.877746467133,40.3318071493929,2367.200733980476,81.17241515394622,101.2427960702643,121.56297511680995,141.80537957757008,162.54437471453275,39.081135123028176
25691.68829449221,40.03705087328476,2356.080969791636,80.9801997829704,,121.56267892943126,141.88404171208197,162.71781809529327,39.1202162581512
27456.442072618793,40.93412999904852,2371.530280078824,81.24801827988472,101.20706879910534,122.13670376325524,141.7900410067213,162.7558419277461,39.15933647440935
26668.261105413796,40.53841943295453,2374.911577012146,81.30619713691529,101.15032890735995,121.57611008642338,141.90668326422946,162.64845625416217,39.198495810883756
26532.58460082379,40.469494284012995,2370.0944342869825,81.22190155263348,101.23594852532906,121.68817866563512,141.98855449722038,162.63478916768597,39.237694306694635
27263.269948758018,40.8379071622572,2381.3438112630415,81.41265178892223,101.38544337999097,121.81819209091407,141.92810413243407,162.70413463697736,39.27693200100133
27685.383305586885,41.047705585745625,2370.641507341873,81.23118287005441,101.13081306203736,121.65956120239406,141.72799869906711,,39.31620893300233
26408.085516901996,40.40596014283109,2362.1342169285153,81.0802790565761,101.23884112376709,121.83936197781364,141.92107175099923,162.9186110586101,39.35552514193533
27372.434621512537,40.892432610526825,2380.6433920090312,81.40989249282599,101.4444999760915,121.93644477340864,142.1634236253631,162.77840184485484,39.39488066707727
27921.913773718104,41.164379914297285,2376.110876905299,81.32618891944749,101.18162419090457,121.79010122592783,141.95558365029297,162.7758429691405,39.43427554774434
27336.396640099738,40.87426874942757,2361.735569401426,81.07741464397692,101.31633987302159,121.84793215348469,141.98833276438347,162.8285493749018,39.47370982329208
27959.966857066647,41.18308711269087,2383.2731220834607,81.45448256070318,101.51634318610475,121.94127418659906,142.0736524795484,163.02797028001046,39.513183533115374
26906.79798115538,40.65896759055364,2383.8114215233954,81.4625713148304,101.46907626474436,121.83730695187747,141.95583798213835,163.14256853591993,39.55269671664849
27128.546098385807,40.77041301187201,2354.6255371806155,80.95466297768925,101.11027399009537,121.66127042344341,142.0998843196354,163.1721050270733,39.59224941336514
,,,81.63712421530587,,,142.35240026701595,,39.631841662778506
,,,81.5637472695067,,,,,39.67147350444128
,,,81.1827019504277,,,142.30855573224616,,39.71114497794572
,,,81.50958015198952,,,142.3356317356077,,39.750856122923665
,,,81.29078255008382,,,142.3281036599641,,39.790606979046586
,,,81.20432988043545,,,142.50853949974254,,39.83039758602563
,,,81.55005778528445,,,142.51933679203592,,39.870227983611656
,,,81.42783186259837,,,142.32318718377473,,39.91009821159527
,,,81.16796093467715,,,142.49698901402448,,39.95000830980686
,,,81.27995048680083,,,142.5893963982182,,39.98995831811667
,,,81.57036298167944,,,142.79485464975372,,40.02994827643479
,,,81.35466719471295,,,142.7994253270773,,40.06997822471122
28351.356174500364,,2390.8032741307265,81.5821825350262,101.66507646077746,122.31551586300328,,163.6587994262985,40.11004820293593
27479.940339768633,40.945762853984526,2387.2606713511773,81.52422461050323,101.73909650173302,122.40821096558707,,163.65977960435393,40.15015825113886
26913.93041385809,40.66248914600624,2398.181732794427,81.71677096760595,101.63503057962878,,,163.83864181932518,40.19030840939
27443.465745706464,40.92761594260831,2366.006866033139,81.14735723516822,101.64531743777879,122.50104438611694,,163.8701645599497,40.230498717799385
27658.367491999885,41.03429179100759,2395.702191136039,81.66880598934087,101.93673885777008,122.20961063946535,,163.93204593809205,40.27072921651718
27668.161490434126,41.03910597293699,,81.27852419676661,101.75298544143594,122.46618384431747,,164.00647131410037,40.3109999457337
28185.615981871615,41.2935642800324,2396.268370610453,81.67432942580878,101.78243076068149,122.45960009844487,,163.9077796940666,40.35131094567943
28384.41225158755,41.39040282967389,2379.3713226390037,81.38899527346699,101.69109092247784,,,164.0315352262441,40.39166225662511
26908.868468930887,40.659925963874514,2403.5513083536007,81.80907516031196,101.79382398720264,,,164.12829860478917,40.432053918881735
27364.01751853333,40.887955410787896,2391.789457137802,81.59925613226969,101.7227581767574,122.61135360646479,,163.92754082487343,40.47248597280061
27302.16482969053,40.85718010194269,2389.2364442723483,81.55176098852003,101.8017949426599,122.68080419552282,,164.08663363339664,40.51295845877341
28331.74953217879,41.36464224428976,2375.642659161306,81.31499951009378,101.73913248895725,122.80383235944223,,164.32864188189632,40.55347141723218
27535.363235634384,40.97329151067915,2411.9124696621247,81.95552464441342,,122.78931711464554,,164.13743534076636,40.594024888649415
27818.465083830204,41.113349216407094,2401.7875557410403,81.77555060514007,101.81488377605446,122.82319264384715,,164.37248114186843,40.63461891353806
,41.290267955231585,2376.0138691049833,81.32307817706986,101.8527269320682,122.8141465557574,,164.32965543860595,40.6752535324516
27724.67361763731,41.067045651009614,2390.652467010419,81.5794480831726,101.89733147704388,122.89649253495212,,164.45047926203003,40.71592878598405
27095.070491693077,40.753597106968776,2394.1623218469563,81.64167951483884,101.98706761585107,122.8883743708505,,164.42882841965073,40.75664471477003
27606.813826923677,41.00881231502066,2392.3080171595843,81.60337062769192,101.87793134881987,122.95566354599785,143.51613542404763,164.51940698655903,40.7974013594848
,41.13422332921024,2387.527881388969,81.52334849098843,101.95575515703136,122.92865323578685,143.97139182430183,164.69141946203715,40.838198760844286
,41.07493567711169,2383.8277207871474,81.45917734590411,102.04072492730828,122.80208763293888,143.8502884574484,164.53406379064535,40.87903695960513
28117.55276775069,41.26022610023454,2411.7495178887457,81.95050845974374,102.06339093997262,123.07402213322457,143.78992687703965,164.49259662186108,40.91991599656473
28572.761820421652,41.481947202357595,2396.891596233425,81.68851435999474,102.10124531072346,123.06747149418588,143.88942846044682,164.76379927861174,40.96083591256129
28706.746919617854,41.54662614625248,,81.88517773115514,102.01516199605872,123.22601478099759,143.9302796572716,164.77791590012814,41.00179674847385
27770.52448139666,41.08966731752108,2388.218085029216,81.53841382833951,102.02423018985277,123.1808504445302,144.1455423023898,164.67017106542895,41.042798545222325
28194.747819420747,,2389.8315562005455,81.56449365730849,102.0045063842837,123.31903612207144,144.25075202280686,164.8417688644922,41.083841343767546
28179.4944804247,41.29056152475222,2403.975000238536,81.81235989044498,102.07733244359535,123.19999806616086,144.18745088485713,164.9068424852484,41.12492518511131
28326.01166137532,41.36197351287202,2413.492025237832,81.97841969584913,102.1084282466032,123.32243686478321,144.3011392960522,164.8196539003811,41.16605011029642
28092.211473258765,41.247847232018465,2384.784615812542,,,123.22721852479746,144.29671025991416,164.98545320819053,41.20721616040671
28279.08440358397,41.33906698852863,2414.699823044454,82.00106935096306,102.24831877017905,123.16122719971682,144.45806266668941,164.72413690073714,41.24842337656712
27268.784541248864,40.840488184555035,2392.3189627968,81.61093326827118,102.30609302693291,123.14952573544889,144.3690824859679,,41.28967179994368
28454.36106139303,41.424407863161406,2400.431230688972,81.74876029754853,102.34234622299867,123.38089536187319,144.36062244452103,165.00779430984878,41.33096147174363
28025.301214574512,41.21495681070332,2388.600735177067,81.54467322140133,102.3655584973469,123.6182273232955,144.4082191298888,165.03873034221567,41.37229243321537
28696.374953316037,41.54159702940371,2395.863406256331,,102.19251140808049,123.35369092795443,144.85265026214293,165.52642517831902,41.41366472564859
28082.581676929436,41.24306149332793,2418.0719765348736,82.0589936455895,102.32621390900458,123.384447809541,144.77776210245665,165.20228450072196,41.45507839037423
27814.684895608534,41.11142735542993,2406.521551636066,81.85843404688424,102.24076463434443,123.5437432299633,144.53354510972878,165.22324214030021,41.4965334687646
27390.909036370947,40.90134137297768,,81.73184989667409,102.39830721163075,123.4504394198929,144.82101762142906,165.31907784805372,41.53803000223337
27633.467859600132,41.02184878751492,2417.515158955532,,102.62127569318284,,144.87119859306887,165.36609061422047,41.5795680322356
28326.57648172798,41.36218461270821,,81.9123133883012,102.32254864412799,123.66332623410638,145.00082534786654,,41.62114760026783
28790.53988879183,41.58703619232108,2415.309676510431,82.00445396868403,102.30877615193779,123.53638530079667,145.00442160068843,165.33708768035973,41.6627687478681
27346.28283675911,40.879187924949335,2412.073524366988,81.9543988414819,102.58556679827221,123.7720557327144,145.07353856300202,165.49657442632088,41.70443151661597
27551.882058055253,40.981375022053506,2399.563243538366,81.72921434099531,102.50179015831718,123.79935966358548,144.96672381884858,165.43224478175307,41.74613594813258
27414.9447237331,40.91334358904023,2402.94786888459,81.79382637247623,102.60244696358056,123.85984374433903,145.17952049240031,165.543766312212,41.787882084080714
27213.62162835268,,2414.867448110383,81.99901000974302,102.38689390046565,124.06824017743257,145.1624934149402,165.5485670159554,41.82966996616479
27180.7453217897,40.796420495127244,2402.288596826158,81.77976057236049,102.52783130039141,123.95929717414147,145.32266455858138,165.59309194295366,41.871499636130956
27214.461194315325,40.81330979250438,2418.552249142872,82.06272609080669,102.75926732547437,124.37259000597255,145.49867368669038,165.6605573180189,41.913371135767086
27667.059618287796,41.03847200950454,2406.86237927643,81.85713490052795,102.67540967544215,124.04658836113784,145.28860706052424,165.74941952612815,41.95528450690285
27174.468784487584,40.7933317718797,2418.9009433860247,82.06955640605537,102.5533228067442,,145.37917450532345,165.88204229502065,41.997239791409754
27205.82420903467,40.80903584097867,2404.9078231663075,81.82538840170997,102.91526852231156,124.27006333746097,145.4627836292343,165.84376025067027,42.03923703120116
27997.527582486582,41.20146521091024,2404.087297196065,81.80909569178363,102.8873001734796,124.2327721419755,145.4477820383245,165.96793988099648,42.08127626823236
27759.55248525333,41.084149629294984,2414.8738238807864,82.00157753536682,102.76701705302492,124.15054228350985,145.4346149808115,165.672114725404,42.123357544500585
27548.946772565196,,2435.7006940756055,82.36556603700514,102.60881020556948,124.26870622053586,145.47164912653028,165.9386218495727,42.16548090204508
27382.355731293337,40.897266760633194,2428.081990157031,82.23005865567892,102.88432645153229,124.30873982556685,145.73777307944266,165.89374484028005,42.207646382947125
,41.28152521907594,2420.963377500476,82.10447847203933,102.8859225043302,124.4812185674536,145.55423276790572,165.95050461337752,42.24985402933007
27995.4017141503,41.20036161936791,2426.066646880548,82.19436198853056,102.86732365072896,124.44111859021609,145.7518239112521,165.51072050314042,42.2921038833594
27765.88364578559,41.08737310868952,2437.4972540734766,82.39097619082659,102.97774082547399,124.41248602455396,145.71645331225216,166.06372487784188,42.33439598724276
28035.523780828724,41.22001038079769,2402.786378793902,81.78431379308451,103.07767430862408,124.421261306077,,166.16486411780937,42.37673038323
27270.80127584181,40.841549158558216,2450.0427405372525,82.60652566739809,103.1924258626887,124.45114986335818,145.7900652068959,166.07757383632526,42.41910711361323
27534.196521292677,40.97268438304554,2432.528040964105,82.30513620102724,,124.66458268414277,145.793571907521,166.418287834269,42.46152622072684
27899.820874428337,41.153336170715434,2437.996922244984,82.40173434870887,103.50910778597436,124.7617216933912,145.53075993198277,166.05463815685727,42.503987746947566
27858.776665119385,41.13323021768686,2440.6764444627834,82.44990661994892,103.06233156297945,,146.00942346968517,166.28288424796125,42.54649173469451
28082.159622883948,41.24303937738917,2440.2293634527996,82.43801560496311,103.36333705250951,124.71904076365995,145.980428237085,166.39712839254528,42.5890382264292
27968.6600642302,41.18725887123246,2433.8358388826673,82.32932323324778,103.56262210933832,124.68810379744991,145.96947532602647,166.21683546406516,42.63162726465563
27705.983891061944,41.05774020596125,2449.9957859714555,,103.36528358996215,124.93853462200144,146.05099414573175,166.44189475002023,42.67425889192028
27608.62166266245,41.009782620110656,2420.226461828802,82.08930391050163,103.50412585234201,124.77525016748137,145.9994982401128,166.4861388280145,42.7169331508122
27857.816752058774,41.132797180152,2446.891568261932,82.55495996730242,103.62284383504219,124.84227128273997,145.93444761800973,166.34197731706047,42.75965008396302
27244.79751356705,40.82863554265592,2434.47240459645,82.33775788135891,103.4197948058392,124.89283183207536,145.97086159083602,166.4755162716729,42.802409734046975
27192.120822939854,40.80234532257833,2444.6190367722993,82.51225408845175,103.39152695450537,124.84053012953085,145.9677066004375,166.39372587499278,42.84521214378102
,41.30263496114334,2467.7404574778006,82.91400100763266,103.70264604571852,125.21919245180626,146.25151313907807,166.44886862155,42.8880573559248
27484.076305653507,40.947815855518336,2472.1762372093453,82.99100282336909,103.95183160120742,125.24007382988587,146.12561356230626,166.45095620503753,42.930945413280725
27551.801754160766,40.98150400496837,2463.685707979456,82.84074303012265,103.57199491048677,125.1923970087666,145.86137451937793,166.55837007521805,42.97387635869401
27438.654453931245,,2474.85575133676,83.03586330624475,103.89433576364871,125.29240875314669,145.7059566759635,166.64336029353439,43.0168502350527
27010.34301421679,40.71111943813622,2439.8496389183765,82.43066490618267,104.06521663197897,125.3466353922111,145.96668358444933,,43.05986708528775
27479.053022661432,40.94542974788553,2447.863009066668,82.56748394240952,103.78192240798225,125.28637272105172,145.9575970187942,166.75407661418407,43.10292695237303
27922.48069892336,41.16472698005855,2461.6999207594204,82.80909487828347,103.8749753720929,125.25021474183991,145.9808698583254,166.63399862252973,43.146029879325404
27784.878345449688,41.096864261066095,,82.59676708585876,104.20558556257382,125.4763619495192,146.10046748745918,166.72738199896247,43.18917590920473
28028.437336521845,41.216791106621486,2469.9596970389207,82.95185849746309,104.00189588612236,125.34678620556524,,166.64379867135526,43.23236508511393
27609.83176342308,,2477.1674411525228,83.07298473608544,104.22684193319078,125.49197006908419,145.99096329538736,166.71410145574706,43.275597450199044
28003.657463725747,41.204476052500276,2468.7912760878166,82.92852621141311,104.27940563733416,125.5983969408992,145.9598834755516,,43.31887304764924
27902.600156395023,41.15497133801301,2491.1279907264134,83.31231177643542,104.51026047588678,125.51844175998005,145.97630137918674,166.6945106506402,43.36219192069689
27056.10638373247,,2462.250799776894,82.81672548097255,104.55497406584222,125.55958210101035,145.9659318333658,166.6909101988518,43.40555411261758
27212.30239032468,40.81241221276121,2488.8204625466838,,104.35985697127478,125.53440569744023,146.10771526640943,166.8034653057593,43.4489596667302
28032.51640984737,41.21875477238092,,83.3609321281783,104.60776237874641,125.64307400440192,146.22952036786418,166.72500572946942,43.49240862639692
27281.323796522167,40.84702471306485,2496.0475555505877,83.39928172229538,104.77316716247648,125.65756888402801,146.21157300019212,166.86329615101903,43.535901035023315
27307.742434068543,40.860169345158326,2488.3508515967396,83.25869894373058,104.79227938758278,125.64943425500364,146.1122161941892,,43.579436936058336
27738.978582456406,41.07446053097961,2503.3503376835747,83.51732455946787,104.81445827712547,125.610341206975,146.2270959450595,166.94176065426535,43.62301637299439
26901.044647697305,40.6561366214933,,83.36132057616979,104.86104211681435,125.81600116806528,146.2056605109533,167.04288998187724,43.66663938936738
27423.515114446112,40.917854576460236,2496.6646165269567,83.4036920832189,104.93613444285657,125.93776660178219,146.32253066264337,166.8016693363704,43.71030602875675
,41.35156181569065,,83.55142387245459,,,146.2317427118645,,43.754016334785504
,41.106236106084914,,83.83280873365429,,,146.1483743348435,,43.797770351120285
,41.257074149499246,,83.59803635210203,,,146.39617820386968,,43.841568121471404
,41.13889236840928,,83.10054882374173,,,146.25444065190666,,43.885409689592876
,40.60421918062227,,,,,146.33122098325268,,43.92929509928247
,41.09661831352892,,83.42334474391066,,,146.36324518171486,,43.97322439438175
,,,83.86485514498948,,,146.21707166585762,,44.01719761877613
,,,83.94757350926977,,,146.66349702669316,,44.0612148163949
,41.373265734561876,,83.50236974043297,,,146.43144499987721,,44.1052760312113
,40.91395815191865,,83.90113600183375,,,146.46712920731835,,44.14938130724251
28197.48986414689,41.29953803388784,2525.732948239363,83.8950757944096,105.38241882391503,126.28882124846594,146.39471420651037,167.05704623373438,44.19353068854975
28390.340376826378,41.3935169379943,2513.526422499513,83.68684572443398,105.48783571506398,126.22402183460247,146.72928336735134,167.25884066164986,44.237724219238295
28218.58407100751,41.30985442287245,2509.2242861510745,83.61283534375934,105.52648980176335,126.36338952381536,146.42678938137274,167.12225873556008,44.28196194345753
29129.86905563788,41.75020296902138,2507.485097356369,83.58292080315746,105.54924160148995,126.09818117493707,146.52037094418702,167.1356890514106,44.326243905400986
,,,,,,146.4586922385856,,44.37057014930639
,,,,,,146.3854447046071,,44.41494071945569
,,,,,,146.47599467064435,,44.45935566017515
,,,,,,146.57248599218613,,44.50381501583532
,,,,,,146.51775350132903,,44.54831883085116
,,,,,,146.61116123808873,,44.59286714968201
,,,,,,146.65630577436394,,44.63746001683169
,,,,,,146.65418253755863,,44.68209747684852
,,,,,,146.66835477097118,,44.72677957432536
28052.754960300084,41.22886557615596,2572.7093870951176,84.68529528402388,105.70119328478455,126.48322291760712,146.83528190056919,,44.77150635389969
28760.574161007153,41.57291288811141,2558.0938671436334,,105.83669832272793,126.41857537573486,146.50393740374022,167.4184126023637,44.816277860253585
28254.613509362258,41.32745871529452,,84.67484615176286,105.58923063080191,126.66399558430255,146.84360008243127,167.44357066940205,44.861094138113835
,41.58382847891044,2555.128295290393,84.38614252346896,105.89150144888936,126.35077957220743,146.8075860047991,167.46845173292436,44.90595523225195
,41.0706301020364,2562.805137216072,,105.907054320318,126.4530636780181,146.69544425124454,167.57035188741415,44.9508611874842
,41.13265719295552,2568.654135454747,84.61249652514424,105.92289018595665,126.44331860202121,146.712593570123,167.42316239927058,44.99581204867168
,41.731361833836246,2563.772892396019,84.53088983330133,105.85512308488845,126.47453677025283,147.02599373120455,167.68726645178182,45.04080786072035
,41.18304057443018,2554.969415110197,84.38326217220167,106.13913154804187,126.50621368752273,146.84880419015929,167.54489763741827,45.085848668581065
,41.23005345909639,2579.0615670981074,84.78444145998573,106.05842940926745,126.55397623324262,146.74169884779678,167.6303486507635,45.13093451724964
,41.39280647622983,2589.0846796215046,84.95380369760512,106.0074218214478,,146.86588304832728,167.4811219849604,45.17606545176689
,41.84161393873069,2569.8683414195234,84.62818256538503,105.80327247455119,126.53070253278992,146.78883033552657,167.53508872533297,45.22124151721865
,41.555731463243546,2563.2390840402522,84.52022187421477,106.05016078253236,126.4823498207202,146.9931725054274,,45.26646275873587
,41.217920127523136,2578.6172975036316,84.77430086928368,106.21183510707904,126.66399754377667,146.63431819732244,,45.3117292214946
,41.482330999008994,2576.647979851661,84.7394428244781,106.19553707696427,126.60774867129562,146.87414655637136,167.65083507853151,45.3570409507161
,41.953869908182234,2577.2989861497126,84.75426065217077,106.06504069056771,126.45429208774941,146.90848568964458,167.83390443666775,45.40239799166681
,42.023469169536405,2583.8670454211842,84.86223743686219,105.9261346353165,126.61519720268528,146.89868700418407,167.67944098883052,45.447800389658475
29103.58984090686,41.73757917738516,2569.63809633682,84.62252845549847,,126.62716696073053,147.11599848779605,,45.493248190048135
29579.468462018576,41.96399727401902,2602.141750905658,85.17417406142836,106.35117275432042,126.66197645243216,147.02705854507275,167.82214833401372,45.53874143823818
29101.501702210273,41.73661523060435,2598.770739471757,85.11532452362484,105.77960101259298,126.63296210226335,146.96675512608724,167.8177511504962,45.58428017967642
28685.26349369691,41.53646349513026,2580.1625002553865,84.8030107679918,106.0287851325331,126.70339500749424,146.9267785397029,167.7611163334702,45.629864459856094
29308.73173446194,41.83556087641618,,85.00401013597697,106.25001913498586,126.65584067948531,146.98854540860088,167.87106960309225,45.67549432431595
29757.577464611695,42.0481155991125,2604.4427180986586,85.20690383908747,106.1356408722996,126.7739937954486,147.12381072063897,167.91113259467167,45.72116981864026
30211.95869748146,42.26119083294485,2575.6163843833033,84.7224579605321,105.97276145583007,126.73925365865325,146.99307464299446,168.13386115277274,45.766890988458904
29276.39334729982,41.82008261044733,2605.0193122940846,85.21513646555404,106.11876806206097,126.83664324721157,147.1384160315395,167.91607397426824,45.812657879447364
30487.240958155267,42.389255320650925,2612.5597376568276,85.34221149598967,105.58212914176207,126.64806290109104,147.25585719115836,168.07666938912195,45.85847053732681
30089.03639840477,,2602.4559899937685,,106.04126122295159,126.88709958552613,147.0541680629881,168.1199931374077,45.904329007864135
29504.911637816178,41.92862885541524,2599.4751851611536,85.12024199524669,106.0456862199056,126.63475520872117,147.19879567324662,168.10712651813708,45.950233336871996
29756.12386680117,42.04735670455507,2604.5291604534928,,106.0540420541158,126.62975981365496,147.02732937197757,168.2434432494802,45.99618357020886
30146.634642597208,42.23058191329019,2614.8872835453935,85.37872588432026,105.97335768036463,126.64209060169647,147.18702308687546,168.2570888292575,46.042179753779074
29464.94528636274,,2610.434131794586,85.30268578754237,106.07250109870625,126.78646054079448,147.10719544161898,168.08897298315244,46.08822193353285
29646.920890796653,41.99578224734734,2614.893334529854,85.37525530896234,106.04063545525575,,147.33488964594824,168.29301468219353,46.13431015546638
,42.04069749144025,2604.3799919425846,85.20045109924223,105.96388627019066,126.79690671608954,147.3062430553906,168.39734494089356,46.18044446562185
30959.870522105633,42.60720026179441,2602.883854209879,85.1715665376344,,126.82118032708395,147.4087888683833,168.3797950564353,46.226624910087466
30219.54256354222,42.26461516866001,2620.5079594662675,85.46791793583458,105.93014427973225,126.69210481885352,147.46069064750876,168.470368279549,46.27285153499755
,42.501322583767994,,85.39773723436876,,126.69981302314075,,,46.31912438653254
,42.5393433667079,,85.16635915085642,,126.6192755601344,,,46.36544351091907
,42.078853278038466,,85.41208161090154,,126.69158534782676,,,46.411808954429986
,42.65209699182897,,85.46244185887672,,126.81712456452775,,,46.45822076338442
,42.55608882603887,,85.07474011111503,,126.83390063035986,,,46.5046789841478
,42.807051259434566,,85.50153289381339,,126.81878669659635,,,46.55118366313195
,42.4751838700293,,84.97785811304821,,126.70358879982994,,,46.597734846795085
,42.18839870561441,,85.16087245900246,,126.69271500152419,,,46.644332581641876
,42.31650492766114,,85.56374367843418,,126.88215670158132,,,46.69097691422352
,42.37639733847873,,85.30391569693319,,127.05574776705602,,,46.73766789113774
,42.53268377120464,,85.61718954739827,,126.85986623826956,,,46.784405559028876
,42.83772834549204,,85.22776754315193,,126.57735381972638,,,46.83118996458791
,42.625996821826604,,85.37560128709849,,126.787004197148,,,46.87802115455249
31134.335523466947,42.68696172120539,2613.656863472332,85.34998484063567,106.10891005352696,126.8251158427728,147.72000484008427,169.06524675636808,46.92489917570704
31470.495922529175,42.84005424870522,2595.9613949496647,85.04802604517903,,126.97942346956532,147.787026045693,169.06093016070633,46.97182407488275
31122.514168189526,42.68151938477404,2605.6843694439135,85.21214207980962,106.08915722562945,126.9914018944571,147.8563027044671,169.34808124395227,47.01879589895763
31583.701975889464,42.89143339873794,2629.2946296855503,85.60504713009384,106.0043985384802,126.9809986839758,148.04757710101623,169.68077418532744,47.065814694856584
31577.868613251874,42.88883229047881,2630.849476316389,85.63334151754783,105.93111387274517,127.11020764080143,147.92586640271173,169.244370079864,47.11288050955144
31207.946473719945,42.72055883573223,2609.9825498561836,85.28318716116706,105.832267462746,126.99509434703694,148.18506147853756,169.44875416067563,47.15999339006099
31476.993641537792,42.843111417910585,2633.400189714383,85.67289867008482,106.87305047327538,127.15037706948111,148.05935632837873,,47.20715338345105
31952.255852165672,43.05765175577603,2610.040002277209,85.2844148830784,,127.08267737602999,148.12575086069006,,47.2543605368345
31489.158249601132,42.84855439447077,2623.257335532461,85.50595113021276,106.04623673346197,127.18672606678521,148.17487864675874,,47.30161489737133
31081.82666419218,42.66286892420931,2611.777763528318,85.3169116218195,105.92035473347121,127.09592735404784,148.2518611445665,,47.3489165122687
31790.294066886374,42.984724141075915,2592.9627409515424,85.00126035415659,106.07992663701054,127.05473473641192,148.3495138334948,,47.39626542878097
31831.04740716763,43.00315220619382,2610.300254096447,85.28399709513934,106.2597024372616,127.11820036716152,148.43763121884615,,47.44366169420975
31939.01574606147,43.05171750916332,2627.786119504437,85.58001963379824,106.15672461499358,,148.2449153903699,,47.49110535590396
31391.53458362069,42.804161972416836,2631.26147166074,85.63719893108353,105.91834401227412,127.1111493388388,148.3605519504862,,47.538596461259864
30947.763502397862,42.60130387963646,2637.748020366355,85.74410276351077,105.95341242790458,127.1037759072302,148.34592327425227,,47.58613505772112
32246.233876144997,43.18931077740745,2631.9910077289805,85.65139630686313,105.98713888734318,127.28221438929093,148.47806124341884,,47.63372119277884
32364.56842538326,43.242142630737916,2604.6817173269687,85.1900841484918,106.25540674748578,127.42356477160432,148.6456421445891,,47.68135491397162
32756.98144479356,43.416302776658604,2607.108952943748,85.23309310764743,106.21502995669222,126.93570395430422,148.6550198650956,,47.72903626888559
31331.719254846932,,2630.279092146068,85.61840847972553,106.19363699698891,127.15201793434929,148.45572750742465,,47.77676530515447
31960.734698253684,43.06139474843206,2642.7641003608637,85.83347496104602,,127.41220684370182,148.7320017551877,,47.82454207045962
31743.54791037517,42.96352137359211,2629.7816962851966,85.61342516724218,105.85507815349898,127.36646565524181,148.9884545150005,,47.87236661253008
32247.486900572494,43.1898373246625,2637.5010358696095,85.74105894073986,106.10283864708602,127.14625986598259,148.77252841255475,170.35777427876462,47.92023897914261
32685.269105472165,43.3845437212637,2634.316244757527,85.68640449924993,106.21751978500548,127.25453515678404,148.8650351905781,170.3054132593971,47.96815921812175
31962.32540154953,43.06211390882937,2616.760384354712,85.3935946972946,106.11725076825205,127.40694249153061,,170.49109027625417,48.01612737733987
32738.766003630408,43.40824385295993,2583.4667988518436,84.83719123373594,106.12031029326015,127.53432954995317,148.98283808687174,170.48429130872475,48.06414350471721
,42.96489496202489,2614.4821194510887,85.35394478265114,106.43785093509454,127.48967803342627,149.14141308010463,170.46244558249222,48.112207648221926
31243.27431619748,42.736469016699154,2613.0079358671715,85.33156977553654,106.37647921909256,127.50443559366265,,170.46493014719724,48.16031985587015
33257.444649985104,,,,106.19417707038978,,149.09469753925075,,48.20848017572602
32984.97152361544,,,,106.24771275150692,,149.3273686145667,,48.25668865590174
31990.540318300966,,,,106.32047533900972,,149.0520420933171,,48.30494534455764
32222.302609212664,,,,106.20185654295946,,149.36864908235285,,48.35325028990219
33575.010754358926,,,,106.36497913095184,,149.64652246958127,,48.40160354019209
32047.106353999865,,,,106.4947882241132,,149.57085881545552,,48.450005143732284
32500.468517900004,,,,106.30348608153427,,149.61329455448012,,48.49845514887601
32561.090810368998,,,,106.39261624851885,,,,48.546953604024885
32695.433059692576,,,,106.41848419774125,,149.7129346879789,,48.59550055762891
32477.893335393706,,,,106.26253096746676,,149.74573066488935,,48.644096058186534
33085.52955614494,,,,106.06761113043488,,150.0156577094544,,48.69274015424472
32911.4795779952,,,,106.45933637248343,,149.74438154556128,,48.74143289439896
32027.39158712652,,,,106.52330738380108,,149.91499945184285,,48.79017432729336
33234.42264871946,,,,106.29137370778614,,149.8846201846461,,48.83896450162065
33067.02916582079,,,,106.35902125614888,,149.97488464245103,,48.88780346612227
31764.910357650122,,,,,,150.14600113894699,,48.936691269588394
32004.91298560289,,,,106.41651942609472,,150.03550017083558,,48.98562796085798
33058.45203292073,,,,106.69420556259016,,150.08768205678217,,49.034613588818836
32099.788490271265,43.123663888798895,2628.6574307417845,85.58739138070582,106.76872974664052,128.27224379796849,,171.5337828660261,49.08364820240765
,43.49178068242204,2638.330745287871,85.75262315269545,,128.25572357497205,150.29708992961338,171.64796345654491,49.13273185061006
31696.001973254377,,2640.284127213073,85.78421964194153,106.5475243824209,,150.23248737302254,171.59835067093604,49.18186458246066
32437.248530011875,,2645.465686541886,85.87207083559574,,,150.2200867129442,171.77989927051595,49.23104644704312
32547.05945010677,,2636.57320124984,85.72314923282345,,,150.32916247527433,171.70978350817774,49.28027749349016
33146.07273749276,,2640.845819662727,85.79228236756406,106.71131137726455,,150.02657148147338,171.80790444723561,49.32955777098365
32773.87032112992,,2612.6837326489917,85.32263604174834,106.6036353559225,,150.4248816401564,171.97995568776642,49.37888732875463
33311.88834858581,,2622.081656494056,85.48022067235502,106.87013625425679,,150.37769373259172,171.83948504983712,49.42826621608338
32595.404002028085,,2642.6455322129495,,106.9865217124742,,150.388475336658,171.97963870410257,49.47769448229946
31466.281137935803,,2639.4824238076685,85.76947397285957,106.78694196169477,,150.49063863547167,171.95473131029163,49.52717217678176
31898.413473689492,,2630.2547592889737,85.61895393580339,106.8236485693661,,150.65650011849343,171.99870867213014,49.57669934895854
31809.258151009537,,2618.340305619164,85.42117647382499,106.90354557643977,,150.40891705255228,172.1774361595825,49.626276048307496
32162.872148646584,,,85.6199874599496,106.7577002897806,,150.305624270012,172.18284822543012,49.6759023243558
32599.474792395376,,2630.8626475791293,85.62613226736761,107.0101000315708,,150.60896862934345,172.08302768015795,49.725578226680156
31831.14069250222,,2653.931972370234,86.01230080593423,106.92948620225555,,150.68995093701372,172.1213197483109,49.775303804906834
32532.868522607336,43.31689340587448,2652.3539204405183,85.98796180433597,107.00241961818763,128.80003167459506,150.49715083879244,172.15978787669312,49.82507910871174
32630.91858318936,43.36039471404483,2650.1064270523057,85.94725025898585,106.75691961004541,128.81285522481764,150.73058446250138,172.27516555968725,49.87490418782045
32303.59080425828,43.214789483194046,2638.7135719535204,85.75444432351917,106.87678516100478,,150.50667158279646,172.48628111595806,49.924779092008265
31994.157029785725,43.07625466859286,2651.7643640996826,85.97488027182322,107.14047941192602,128.52961657666617,150.92942224842153,172.28943040651347,49.974703871100274
32226.98279953665,43.180574640576765,2635.63215912266,85.70788583886439,107.08828269796874,128.87332438019348,150.7925776623383,172.48800635075546,50.024678574971375
32026.04907573416,43.09056195401166,2649.752227618845,85.94128483297207,107.14281912272278,128.77528545004526,150.7067779758709,172.52622111450137,50.074703253546346
32694.046072204277,43.388346849033454,2647.860910033037,85.91386027283039,107.06632478874087,129.03087049568776,150.7351125888316,172.60714139145426,50.12477795679989
32293.42721961658,43.2102262269242,2632.3851755643423,85.65068702556613,107.40843220537677,128.88937784621055,150.84692065653434,172.73502880879866,50.174902734756685
32679.67296074701,43.38197982032712,2643.3605422286973,85.83481109694112,107.25879788607128,129.14359639156348,,172.51996568637668,50.22507763749144
32158.44796409271,43.14994267790893,2668.4951394330715,86.24958462339714,107.02612502266884,129.080347100163,150.79027954072308,172.51344202559946,50.27530271512893
32976.2656093371,43.51289015740785,2647.8051021832416,85.90813005187324,107.21627200857532,129.32105560257224,151.0061295601221,172.71412696559258,50.32557801784406
32143.049323914787,43.143045581956045,2668.6386085507293,86.25050150367242,107.1142756787995,129.27282806072728,150.64764888228888,172.70377958141793,50.3759035958619
33395.84701782977,43.69684020715513,2651.488499363873,,107.33841453625767,129.28550822031727,150.9032077867207,172.77096890741976,50.426279499457756
32313.184164066188,43.2190719684273,2673.2075485300434,86.3276920889611,107.36881729044735,129.13536176392495,150.8309803836607,172.97492198691816,50.47670577895721
33400.79053778284,43.69890623894517,2651.4393076755073,85.96619206275098,,129.2906401366636,151.0953868455592,172.69615216421505,50.527182484736166
,,,,107.32251293092924,129.26656019756618,,,50.5777096672209
,,,,107.30464721908282,129.324049018534,,,50.62828737688812
,,,,107.41692037904701,129.53122778933727,,,50.678915664265006
,,,,107.28020390727936,129.55214543377073,,,50.72959457992927
,,,,107.35326988133004,129.49533387745706,,,50.7803241745092
32182.920761163445,43.160929283268125,,,107.58982266449044,,151.06301236225468,173.1579706157383,50.83110449868371
33462.379751943736,,,,107.63184843289523,,151.0110149473958,173.09775789464175,50.88193560318239
33322.35933831591,43.66463785230531,,86.09136782406807,107.71796958307807,,151.0032152785801,173.21834276013684,50.93281753878557
31859.00807050799,43.01545950004056,,86.13327034741742,107.36262856208783,,151.16729268897038,,50.98375035632436
32660.479666888383,,,,107.62317817315517,,151.08949720086116,173.20346167031818,51.03473410668068
32920.33642705057,,,86.54593600907855,107.56533004571311,,151.1702353635265,173.2474472056338,51.08576884078736
32411.169540893654,43.26251609860292,,86.59647299553666,107.84082051278297,129.78581664775356,151.13285919887872,173.33196285514046,51.136854609628145
33194.33781531036,43.60863701621785,2676.7923854798773,86.38170021471649,107.94544066098521,129.75421941711332,151.16279128309878,173.32399967594966,51.18799146423777
33486.470135001684,43.73627508425089,2660.890607464985,86.11901208012239,107.63161553889923,129.78123132389305,151.10413297302676,,51.23917945570201
33361.43423624801,43.681713332487455,,86.13142162512995,107.68466526738868,129.76237354550952,151.22591438970682,173.35940330334918,51.29041863515771
33231.63483747485,43.62496628047151,2674.8191109995073,86.35011789412879,107.8927417087772,129.73234480413834,151.26048030253764,173.39103996790817,51.34170905379286
32709.195711076944,43.394952818573685,2688.8354005337314,86.58224960686955,107.71047024933667,129.67334664848988,151.18064341006655,173.4387209540052,51.393050762846656
34135.36534738837,44.017146453608646,2690.231241088522,86.60386302155014,107.83629662115904,129.97831013434725,151.4510752995282,,51.4444438136095
33042.83372886866,43.54212540632368,2694.0449664935986,86.66894422271702,107.88397722970409,129.81539378404182,151.57305429638924,173.40864672496213,51.49588825742311
33318.77704393711,43.66313735928084,2685.6462588375166,86.524461777744,107.90755356351033,129.76370098675383,151.27807470597975,173.66479358501414,51.54738414568053
33018.26217460393,,,86.58300126327688,,129.8576620604398,,173.75256192252937,51.59893152982621
33506.27228685461,,,86.32656240467726,,130.05495965494887,,173.6408176169141,51.650530461356034
33479.23997937568,,,86.42924026783942,,129.80790419499067,,173.72015357415432,51.702180991817386
33026.94018062222,,,86.64583281031022,,129.98994610572583,,173.95849645613475,51.7538831728092
33726.03842049245,,,86.63071824773017,,130.15385443377545,,174.03868826879943,51.80563705598201
33023.78011603207,,,86.31118182234744,,129.9401863170848,,173.80888854723864,51.85744269303799
34142.79590312392,,,86.9567637348964,,,,173.93950740431276,51.90930013573102
33104.83269884566,,,86.48791249582565,,129.93502291585813,,174.04333577346995,51.96120943586675
33090.59973429917,,,86.70325775931087,,130.11205894846168,,174.02731997338879,52.013170645302615
33048.2692587733,,,86.51872067048151,,130.14592582413957,,174.01369842361333,52.06518381594792
34064.986131015925,,,86.79496985525151,,130.24412351019294,,173.99396815238848,52.117248999763866
33193.0131024802,,,86.54370340278759,,130.0781113729282,,174.1328327500546,52.16936624876363
32729.76138866295,,,,,130.24664930767855,,174.1669432949193,52.22153561501239
34241.38679060413,,,86.39849267537839,,130.1557574613322,,174.31893371634592,52.273757150627404
,,,86.546480417513,,130.3952700109078,,174.02444996156765,52.326030907778026
32710.958056957697,,,,,130.3704579300615,,174.4737401823583,52.378356938685805
32480.648654856992,43.29352966083439,2699.983067317509,86.76218725390913,108.3968880815332,130.53450800617122,152.11920239806688,174.48086718626155,52.43073529562449
33625.22580698227,43.7965527938934,2715.530882067502,87.01785154851179,,130.51767461911646,152.05969462175372,174.59771812188137,52.48316603092011
33365.35558920014,,2690.500340669732,86.60623093245789,108.42674964008235,130.5291723169004,152.41664032866458,174.5222202128336,52.53564919695103
32742.34800005201,,2691.0193292560593,86.61326049179195,108.10683235344679,130.38875877171841,152.51940210500064,174.67603065276197,52.588184846147975
32463.870985931153,43.28608820465601,2696.620398210387,86.70744031741025,108.44566493560912,130.49048321598062,152.36154784249146,174.49358415954782,52.64077303099412
34328.8827316098,44.10010974816292,2718.4251935754583,87.06860889599275,108.42294382706496,130.44167382906218,152.36847256700247,174.66750910105176,52.69341380402511
33223.8713616175,43.62140208867935,2693.6954815352988,86.6532514076303,108.59375768023253,,152.4796618204477,174.54801943480757,52.746107217829135
34115.118675181926,44.00832578444258,2724.216647965562,87.1579621368758,108.47263261491551,130.7013351884372,152.5560980197396,174.9582324845169,52.79885332504696
33935.02771953221,43.930713847875154,2699.1990273680603,86.74630434720615,108.63981172965828,130.69389206767423,152.58824529189522,174.8704740776949,52.85165217837201
32915.046989397,43.48578411325617,,,,,,174.99718119813576,52.904503830550375
33601.902240847325,43.786390842931475,,,,,,174.62683884393203,52.95740833438092
33865.21872165974,43.90057428580453,,,,,,174.89841710875078,53.0103657427153
33762.60184845681,43.85629726674314,,,,,,174.97275451726898,53.063376108458016
33012.888402052944,43.52882555615399,,,,,,175.30616173193206,53.11643948456647
33564.02384854198,43.76995117142203,,,,,,175.17384342871225,53.16955592405103
34395.91897168917,44.128753396258546,,,,,,175.2329258208466,53.22272547997508
33516.193553209625,43.749091476763645,,,,,,175.23656160302895,53.27594820545506
34218.39517032835,,,,,,,175.3335722147551,53.32922415366051
33384.157706048405,43.69146667319742,,,,,,175.41632614577765,53.38255337781417
33182.24136814863,43.603216884578785,,,,,,175.3697259537853,53.435935931191985
33262.67766370484,43.63843903150732,2712.549787925783,86.96503341008689,109.23675104984872,131.35318284517797,153.37950445360616,175.25446306895796,53.489371867123175
33868.516865626414,43.90192310357199,2708.118924355416,86.89421555599154,108.94548071468368,131.2993940550802,153.6129723359968,175.2147199816621,53.5428612389903
33735.61685237081,43.84441957122192,2725.5092715060155,87.17835284845685,109.01580455027481,131.18233711206108,153.74575545093282,175.49071328032284,53.596404100229286
33759.75785947469,43.85485109018527,2733.291329058889,87.30346781383578,109.12036373493694,131.18106224226918,153.6753801036429,175.44036409251112,53.65000050432951
33543.806938293004,43.761118142154956,2727.132206187512,87.2050286584232,109.09992708332919,131.57517196886843,153.74882501926808,175.62180525814765,53.70365050483384
32712.132543103642,43.39613765817499,2744.921000870625,87.49710452022808,109.20434974426246,131.4326202261819,153.82492429739133,175.58646138370023,53.75735415533867
33394.702240630606,43.696052920562074,2730.6802075509218,87.26754883100381,109.65704842387997,131.35006385723295,153.7411791115149,175.7773076691071,53.811111509494005
32545.44455012104,43.32227223679783,2722.0339548338784,87.12210234933173,109.23461522175577,131.4778965539274,153.8641192580024,175.9091861953935,53.864922621003494
33463.85130017707,43.72634522746081,2706.6732631800974,86.87045561348454,109.3892845048744,131.48702552138053,154.0502840912558,175.75682443871258,53.9187875436245
32635.81684641907,43.36237941025926,2731.8004516474134,87.28283166969663,109.17659046628424,131.5468710892029,154.08696715886984,175.8305659728226,53.97270633116812
,,,87.40614668315003,,,,175.78361251019146,54.026679037499285
,,,86.8794354865544,,,,176.05492410567305,54.080705716536784
,,,87.53980859915944,,,,176.00490377227985,54.13478642225332
,,,86.90256880788579,,,,175.89944980424661,54.18892120867557
,,,87.24652044090696,,,,175.94733133975905,54.24311012988425
,,,87.11104833341689,,,,,54.29735324001413
,,,87.25337750732947,,,,176.12549475782558,54.35165059325414
32988.78001225719,43.518337458836484,2737.0149854680703,87.36838418541815,109.73996575146701,132.33903104554898,154.60318588605475,176.06904160649407,54.4060022438474
33506.863111233055,43.74506875874685,2750.6850073930655,87.59166054204789,109.92260214035915,132.01069518455148,154.65103093511675,176.00412028138211,54.46040824609124
32415.610151245302,43.264651978828375,2720.167481815046,87.08969960470338,109.72608830877967,132.15183476363313,,176.10608487722644,54.51486865433733
33069.62394063811,43.55391144323452,2748.8136571869277,87.56292335901853,109.6795604194792,132.24498294323467,154.79765143176004,176.156385514163,54.569383522991664
34078.03541217777,43.992393569584394,2722.2859955579715,87.12482552985027,110.19865993324618,132.44231298027074,154.77732641218077,176.36416702145345,54.62395290651465
32792.93112025194,43.43201128695257,2728.284863822411,87.22231488181072,109.80517037752163,132.2288292414928,154.65429434379539,176.21954764266698,54.67857685942116
,43.69173986218303,2746.1399566021987,87.51813464120426,109.91313124396565,132.40282610991667,154.77450980272212,176.17693159478816,54.73325543628058
32998.23974657686,43.52246120824396,2760.903239715788,87.75632034231336,110.12555395464864,132.25428820697556,154.68609469547926,176.37262495574447,54.787988691716855
33562.35769994291,43.76928044604728,2738.6924903492877,87.3936890039738,110.25213927573087,,154.8806014409081,176.20608362261493,54.84277668040857
32114.16669723896,43.13006207692738,2737.2650608895615,87.3705853083374,110.19349655628244,132.59874864742443,154.96506836439056,176.43993557098813,54.89761945708898
33839.9273365419,43.88975137125783,2729.7419997069774,87.2499813270441,110.14428033466065,132.55894079495877,154.77862902256385,176.4269936009858,54.952517076546066
33466.507249420276,43.72756044751321,2766.679064034484,87.84759834771245,110.19303332539191,132.62263846154553,154.74490932051216,176.4527631473278,55.00746959362261
32403.210552093282,43.259178707790106,2750.06889492692,87.5793543373578,,132.52197447115896,154.97304665578216,176.38015910855577,55.06247706321623
32792.128160244116,43.43174871432585,2767.527883985476,87.86604509692953,110.306669192531,132.65713294299772,154.9605769489273,176.3193780430311,55.117539540279445
32521.991562616236,43.31205208898244,2773.7053960293383,87.96514218673877,110.50753111609878,132.68344017053295,154.91786397202816,176.696848677567,55.17265707981972
33286.150040424414,43.64895787819494,2747.247748122745,87.53350069521086,110.74633601063175,132.7976131836741,,176.63354981596777,55.22782973689954
31637.501872439305,42.9155660254146,2745.9719263268894,87.50639610124372,,132.75007735257392,155.0748526337297,176.77761163322285,55.28305756663644
32943.11596745534,43.49842939081272,2757.6076652863453,87.70309631470535,110.55646145221182,132.9693161976826,155.088536512426,176.56027751040767,55.33834062420307
,,,,110.63690530745039,,,,55.393678964827274
,,,,110.73366883881735,,,,55.4490726437921
,,,,110.76232723464386,,,,55.50452171643589
,,,,110.92069555121932,,,,55.560026238152325
,,,,110.90606313189951,,,,55.61558626439047
,,,,110.93389760085826,,,,55.67120185065486
,,,,110.9808552079034,,,,55.72687305250551
,,,,110.97838474392549,,,,55.78259992555802
,,,,111.25040394392664,,,,55.838382525483574
,,,,111.04716205440724,,,,55.89422090800905
,,,,111.15309083023956,,,,55.95011512891706
31963.97266664093,43.062824655735724,2799.0950737325425,88.36805545694186,111.20699191705549,133.4360191269297,155.16121144583394,176.6508511237062,56.00606524404598
32571.828457295025,43.33427797471818,2819.6738329032605,88.7018850375342,111.36706291816202,133.5512949581757,155.00390694853596,176.8454431426295,56.06207130929002
32400.858083782045,43.25847425840227,2810.7034611810145,88.55783762327343,111.23096643410067,133.33521299447403,154.98752844351668,176.55510788603831,56.11813338059931
32093.20625713055,43.120884930175464,2819.084139855735,88.68557991774743,111.27603492716794,133.36830974270717,154.82375073987907,176.64488108313202,56.17425151397991
32358.938545819474,43.23963881421017,2813.004792235051,88.59176547835729,111.42609595242834,133.4314388184732,154.98411200481607,176.5772310081763,56.23042576549389
33660.694261730256,43.81216871825861,2825.551392937202,88.79178455806519,111.39678489862062,133.45999802524608,154.90049364954174,176.70058168904103,56.28665619125938
33547.89197552945,43.763270450179654,2834.389292092004,88.93229390193854,111.27788278366423,133.33321003652233,,176.74103187331048,56.34294284745064
32422.67150814204,43.26805883986753,2831.6376979074557,88.8840248346937,111.67107889661807,133.46100041605206,155.08185437281273,176.70762329746876,56.39928579029809
32587.610886787923,43.341295762001806,2826.7114178038228,88.80688481523504,111.58678512509836,133.40869803469442,,,56.455685076088386
32516.389412789256,,,,,,155.06431449781238,,56.512140761164474
33094.70989939826,,,,,,154.89448430991956,,56.56865290192564
32758.08932956395,,,,,,,,56.62522155482756
33907.930764916724,,,,,,154.63986434512822,,56.681846776382386
33326.18064930329,,,,,,154.79703959037647,,56.738528623158764
32917.06727135325,,,,,,155.1392342446959,,56.79526715178192
33120.79244238214,,,,,,154.9387156177244,,56.8520624189337
34020.17125691129,,,,,,154.9267605311865,,56.90891448135263
32994.02962153687,,,,,,155.10638672038263,,56.96582339583398
33122.68132090612,,,,,,155.17117091860123,,57.022789219229814
,,,,,,154.9845390348762,,57.07981200844904
33715.758116411154,,,,,,155.03788840258838,,57.136891820457485
33336.64616558726,43.671119080199716,2874.544041288004,89.56879514398433,111.5605110432489,133.54928712414159,155.03831884793362,177.03952207906116,57.19402871227794
,,,89.54713389988034,,133.66200157950328,,,57.251222740990215
34741.10534461006,,,89.53433922906726,,133.65091266358755,,,57.3084739637312
34640.41938468587,,,89.43990383228443,,133.50026388798722,,,57.36578243769493
33895.55583295799,,,89.83935657439707,,133.5212248481204,,,57.423148220132624
34479.90534711182,,,89.84060579868706,,133.95860255540637,,,57.480571368352756
34455.38374157501,,,89.55668351615304,,133.70106893915806,,,57.53805193972111
34278.83630969057,,,89.85641312928725,,133.56024841714284,,,57.59558999166082
,44.558350366194524,2879.129568318913,,111.66970126614616,133.4254149003986,155.07670842901854,177.2823045484406,57.65318558165248
34098.639105823306,44.00150097457072,2883.9787110361976,89.71381897092924,111.53711005779098,133.71205474384962,155.14297346524498,177.18897252359594,57.71083876723413
34790.90354237435,44.297438237250425,2872.4816801133807,89.52381203229963,111.5026378177781,,155.1230786471667,177.1419641084239,57.768549606001365
35034.77111859241,44.40078424159336,2866.4304745461604,89.42782718937,111.5427982254839,,155.19631449994873,177.29094949841425,57.82631815560737
34571.0490090494,44.20388851947772,2883.2090014483456,89.69291397689128,111.83655292138192,133.65909018300312,154.8335412286113,177.47110413252193,57.88414447376297
34708.54497323302,44.26243718959173,2901.985520871903,,111.4905974077185,133.6796837286027,155.13730321312926,177.187064070045,57.94202861823673
34908.96253380232,44.34749877151974,2885.046700790449,89.72182558551206,111.62945738730092,133.78870773810493,155.08142430015155,177.29775278005883,57.99997064685497
35574.805589934644,,2894.630603501356,89.87557157750045,,133.7390098040981,,,58.05797061750182
34090.88270566639,,2896.2674143915656,89.90323775697615,,133.5450998242847,,,58.11602858811932
35698.60272972641,,2888.391106994919,89.77423393152868,,133.74057784044027,,,58.17414461670744
35531.444935683445,,2876.713079253301,89.58541826966261,,133.69962462732255,,,58.232318761324144
36431.1500263721,,2906.959744984098,90.06869876221172,,,,,58.290551080085464
34813.1743029617,,2902.027779255477,89.99373438594824,,133.5983655480767,,,58.34884163116555
36021.94457268511,,2884.3482655875764,89.70925566281845,,133.6362293315401,,,58.407190472796714
37208.08780624847,,2879.848742694716,89.64183767560576,,133.65874861676903,,,58.465597663269506
35642.992717102345,,2919.922609469117,90.27346663250597,,133.59733523264416,,,58.52406326093277
36089.27178821863,,2892.414729380956,89.83569270897338,,133.71833137907248,,,58.5825873241937
37019.14860464802,,2902.2490920630507,89.9934568798189,,133.75384190130293,,,58.64116991151789
35809.3542402473,,2911.2606470046953,90.13709786423632,,133.6203118114277,,,58.69981108142941
35626.689587742934,,2886.370574446851,89.74013283872131,,133.81899844289256,,,58.758510892510834
36105.23217382357,,2895.597643182288,89.88605160158622,,133.66808828600267,,,58.817269403403344
36418.71877774126,,2884.0485715132213,89.70193067232451,,133.59295618495483,,,58.87608667280674
36912.726158540376,,2905.9217342972793,90.04893135639037,,133.83565046706153,,,58.934962759479546
36909.51309600254,,2911.3611969830586,90.13679515009724,,133.72816600863106,,,58.993897722239026
35890.446221470476,,2907.0482253872296,90.07177859687302,,133.70527705537714,,,59.052891619961265
36221.27442649722,,2896.5350324398464,89.90161654507406,,133.6189798312153,,,59.11194451158122
37485.38214711941,45.41307897341578,2886.3954263384917,89.73629007218545,111.8337475080264,,155.78476047894486,178.41939625707784,59.1710564560928
36486.36516921091,45.00575379927631,2897.8645575303894,,,,155.64512840997597,178.61762760422897,59.23022751254889
,,,,,,,,59.28945774006144
,,,,,,,,59.348747197801494
,,,,,,,,59.408095944999296
,,,,,,,,59.46750404094429
,,,,,,,,59.52697154498524
38032.678344568,45.63307013377058,2926.9830441537174,90.38014474950342,111.72125563055336,133.9486264504659,155.83815591164478,179.04937714162236,59.58649851653022
36548.31642967547,45.03118324832298,2911.917549293221,90.14783129698225,111.66562604723448,133.7774453870444,155.99517191097544,178.8089783808261,59.64608501504675
36897.41811767263,45.174182121269055,2912.010269989727,90.14973303617718,111.54741258954121,134.05887050743365,,179.01496360081302,59.7057311000618
37344.67802599017,45.35604043385195,2888.68141053494,89.77619488500689,111.51600891768648,133.92445831518282,155.98816429043515,179.08725010851225,59.76543683116186
37895.61255938389,45.57813602851237,2914.306258755861,90.18262928569249,111.64986468071307,134.1408128454672,,179.2422404717649,59.82520226799301
37061.19557100078,45.24086181972294,2910.2005797472793,,111.575066929838,,,179.18782042886636,59.88502747026101
36825.33563869046,45.144666048319934,2888.993135263049,89.78089256214702,111.8850214416911,134.11116975728947,156.2760940039416,179.1954765481138,59.944912497731266
38431.49607308654,45.79208492183561,2874.6019480964796,89.55222351469816,111.6796428032541,134.08514630456025,156.31602540414625,179.30414619412574,60.00485741022899
36992.04749320383,45.212696252370584,2912.2472138297394,90.15334804948606,111.7386014984401,134.12527491072154,156.46088307824132,179.31389170412055,60.06486226763922
37165.60051923547,45.28332560578829,2909.143066692622,90.10220176835993,111.67423125491256,134.10924583060904,156.3256190993853,179.39067135899833,60.12492712990686
38310.13768322436,45.74379218187102,2891.0665453096103,89.81273360415793,111.61703493627856,134.58109469671706,156.49860440721466,179.36069292402254,60.18505205703676
,,,,,,,179.58860065166877,60.2452371090938
,,,,,,,179.54062069355655,60.30548234620289
,,,,,,,179.69003277380332,60.365787828549095
,,,,,,,179.74144545987602,60.42615361637764
,,,,,,,179.7698076031836,60.486579769994016
,,,,,,,179.83903921732332,60.54706634976401
,,,,,,,179.96641054228877,60.60761341611377
,,,,,,,179.9265369916161,60.66822102952988
,,,,,,,180.02512756652462,60.72888925055941
,,,,,,,180.2053125751653,60.78961813980997
,,,,,,,,60.850407757949775
,,,,,,,180.28986863568952,60.91125816570772
,,,,,,,180.30109344760484,60.972169423873424
,,,,,,,180.4899832739502,61.033141593297294
,,,,,,,180.44520753577257,61.094174734890586
,,,,,,,180.26343924831406,61.15526890962548
,,,,,,,180.47008616838374,61.2164241785351
,,,,,,,180.4265993890586,61.27764060271363
37345.24545942148,45.35618911826832,2899.4527380011555,89.94889467072137,112.17097120592823,134.82718428416734,157.75010434177804,180.57710421075444,61.33891824331634
36757.4860083712,45.11684431314318,2902.4827896701836,89.99671960208603,112.06565375207856,134.89212882292645,157.60726269474767,180.6127203638246,61.40025716155966
37064.766014433095,,2901.3696555447036,89.9756506230767,,135.0685431618981,157.8455541728267,180.69341241070086,61.46165741872122
38186.88812342073,,,90.17468103920284,,135.0202100948265,157.87746703313212,180.57602837658183,61.523119076139935
38153.22037219762,,2906.3789708927125,90.05984683616785,,135.03607018814324,157.99660120541927,180.84141104129193,61.58464219521607
37107.1489533971,,2893.1505053773603,89.84913994970489,,,157.89550247650712,180.94992502569633,61.646226837411284
38116.7491286034,,2909.944785060428,90.11212358932961,,135.18994273102538,158.20476388097808,180.5801662040881,61.707873064248695
38268.96085921693,,2921.035681459615,90.29002166599619,,135.29181729316093,158.12798444111783,180.87351250384393,61.76958093731294
38231.29998677871,,2907.4325964828486,90.07544077995226,,135.44555149813493,158.1259502460717,180.90176797673413,61.83135051825025
37179.387855396984,,2910.9355348382796,90.13605612439488,,135.26016835486902,158.237855945611,180.89761081970846,61.893181868768494
37163.95610662189,,2919.8224405928004,90.2688109664721,,135.38209865720606,158.42792018662325,181.0121380245279,61.95507505063726
37078.89162464023,,2936.4610793513366,,,135.32809133542665,158.40942312394395,180.9529029952593,62.017030125687896
,,2918.1919147110275,90.24470838092432,,135.52887266049785,158.52854119610893,181.09788227028517,62.07904715581358
37087.20434284846,,2936.778124409679,90.53911014043,,135.54342893775885,158.38092269427833,181.1717235940297,62.141126202969396
38641.31573611103,,2927.0560630645073,90.38707548947112,,135.46906713108882,158.4239376586798,,62.20326732917236
37259.68210863877,,2915.865089182277,90.21092172174542,,135.6471937007085,158.83380885795566,181.06137119274862,62.26547059650153
37524.66186082104,,2930.9994542604404,90.44416038148083,,135.41594497168143,158.74390560500532,181.01946056542215,62.32773606709803
37448.40277792741,45.39794841120084,2933.36392564908,90.48429380907936,112.48933892193253,135.66815272680938,158.32618313491957,181.47902562703104,62.39006380316513
38504.92536816487,45.82114486902844,2942.1960077371573,90.6226927008478,112.58708274131413,135.83907793398106,158.70783489003577,181.5529324220048,62.45245386696829
37538.94937213221,45.43447434740726,2926.988878664187,90.38667530727378,,135.76089048946434,158.77595303682176,181.38745974670672,62.51490632083526
36935.69085973939,45.189623911887814,2929.080492358862,90.41541839714377,112.70501357232529,135.6604716576285,158.9992755277631,181.3038602652658,62.577421227156094
38244.72478485837,,2947.4704316896205,90.70777400249229,112.69709910846915,135.62843585985524,158.90098435312237,,62.63999864838325
37188.71109161307,45.29256916375602,2935.766700609222,90.52199439976813,113.10674213303979,135.77746881393313,159.01345075903893,181.49471989131112,62.70263864703163
37727.16162827663,45.51030679447521,2930.619671995801,90.43627511748085,112.96346990265872,135.76957977007552,158.9310960067346,181.46095517372154,62.76534128567866
37227.908305050994,45.30850537668885,2940.103653929896,90.58959079081788,112.90984138461057,135.9205656354366,159.11699117686,181.55538293554966,62.828106626964335
37840.3361404185,45.55589530183766,2955.5291932858654,90.83010659228532,112.89457655020534,135.9333330126215,158.97857846459036,181.60382520872867,62.890934733591294
36758.15062274108,45.117093295968544,2943.0362350024056,90.63389637604844,113.09400674939951,135.89694167421504,159.0783462933291,181.68490928722258,62.95382566832488
37422.218394066025,,2918.3092082488133,90.24498778580909,113.09001712413902,135.8198493615133,159.11083377336954,181.63970156113274,63.016779493993205
37416.94499839896,45.385162664753565,2923.0848516882356,90.3199968656562,,136.0106571425023,159.20189663849604,181.69404582013098,63.0797962734872
36965.07427969257,45.2016189962192,2939.5598024685382,90.58041487695776,112.8336254677117,135.97974858850907,159.19968463066505,181.70652476318784,63.14287606976068
37575.19458837985,45.44908097843219,2936.8553099435885,90.53454551861044,113.2081958785078,135.99554485932697,159.2106139002925,181.84720348507895,63.206018945830444
38940.43570888507,,2938.991139325447,90.56838342558919,113.09700690283182,136.12199385646886,159.28824371925197,181.7779182767699,63.26922496477627
37052.718717983254,,2945.613171291182,90.67432614164632,113.09911334464806,136.03779024079148,159.388390242794,181.92365624918665,63.33249418974105
38338.58878195631,45.75501216286638,2946.4072198639774,90.68530707199251,113.28405116161468,136.09031951064395,159.4170778373756,181.97013661355317,63.395826683930785
,45.46263023511219,2937.928800449065,90.55327024905723,113.05452605767803,135.9690892571212,159.55923247007038,181.90744810014482,63.459222510614715
37926.13444134007,45.59020519597992,2950.773680333996,90.75381512569227,113.09373341659288,136.43965538129473,159.44246540834106,182.01959106308814,63.52268173312533
37269.00704927476,45.32518907968825,2927.570956818149,,113.40445281532153,136.1216617797742,159.42642822169068,182.05491545736655,63.58620441485846
37531.655427439706,45.43153908639043,2947.257836887317,90.69673970920138,113.03235412967865,136.17929515075022,159.54441097728474,182.1444654858877,63.64979061927331
37268.93247290867,45.325266080065035,2972.806012102261,91.10128383988283,113.36602454736988,136.34363510022268,159.66267438880448,182.11045097065931,63.713440409892584
,45.96848703126916,2958.2990497318856,90.8705764837347,113.37319907610777,136.31960188060873,159.58889038692232,182.11360436283036,63.777153850302476
37969.004701687976,,2944.290132649092,90.65120003531078,113.33661694536715,136.94095831233057,159.5624146833009,182.22294434730895,63.84093100415278
38158.654879072485,45.68325114391145,2944.8489448621945,,113.31755888733868,136.33590274765987,159.36824585173187,182.12476926933746,63.90477193515693
39079.73227157437,46.04807741241967,2939.055001644866,90.56888732201442,113.51932008665405,136.0683382807089,159.69526710711588,182.45022623430208,63.96867670709209
37849.65232617888,45.55950228757638,2972.3367547557277,91.09333940698764,113.29005322958422,136.54680513895983,159.7468238170475,182.2599113195358,64.03264538379918
38458.68513125477,45.80273123009544,2937.9738163929524,90.55179027336021,113.6605488101324,136.49659816053185,159.53152623321475,182.2622046583677,64.09667802918297
,45.829480394446186,2938.6590043999236,90.56226615252797,,136.53601739703356,159.7864485578872,,64.16077470721216
37772.23331318996,45.528383820657304,2947.7565624215717,90.7134037464268,113.422201229233,136.5822178226776,,182.658064511044,64.22493548191936
38244.592613728084,,2977.509949073018,91.16993086404487,113.38335288675623,136.4098947836348,159.8451620319109,182.38968217787686,64.28916041740128
38786.58751609724,45.93261204448104,2966.180424116132,90.99755624258708,113.65460318092464,136.40835186072212,160.00575336098504,182.71492427680622,64.35344957781868
37815.25554312867,45.54562809539828,2945.504760624372,90.67119851059475,113.68366879273566,136.6113619313771,160.0108973572873,182.64413035820797,64.4178030273965
38738.39525078561,45.91352207472591,2951.0419087830023,90.75707684451356,113.56372818767683,136.58068055200593,159.77925221490278,182.79862371352772,64.4822208304239
37743.80534016038,45.51696423531458,2937.60441350159,90.54405184354663,113.56655153783448,136.71062124000443,159.84788390274477,182.66354427267805,64.54670305125433
38822.29942631167,45.94659127328605,2974.0643572696413,91.11853440154715,113.52987713306597,136.5164127099426,160.04286017181548,182.666097132899,64.61124975430558
38617.49647262266,45.865701499394746,2952.3584335157734,90.77852925867397,113.64285593828248,136.8795072495921,159.98427399794355,182.76111393469887,64.67586100405988
38664.37719334714,45.88418298066211,2946.1727710361265,90.68122339873588,113.61679430836847,136.76494916226534,,183.03489284244614,64.74053686506394
38255.30093893982,45.721673683955295,2975.608022020531,91.14533376134966,113.52447152058683,136.5713115188104,160.0704530324659,,64.805277401929
37744.93133129803,45.517393319885656,2962.5733069674498,90.93684144360486,113.81398690666936,136.86976712049272,160.00158001182177,183.05836282245488,64.87008267933093
37947.82270854155,45.598863695645555,2970.5309533479362,91.06392174238044,113.70541998277247,136.8673032149373,,183.07205667202047,64.93495276201027
37471.023569606594,45.40697555926717,2975.330507108961,91.14475733469533,113.73011422359448,137.04962920962166,160.21497197296185,183.15503651218933,64.99988771477227
38000.3453056465,45.619832330352004,2964.800829671209,90.97341294727917,113.83019282527785,137.01405164578162,160.06947024497762,183.23322046885983,65.06488760248705
39108.35724611398,46.05932748760708,2972.5364054512474,91.09587909988657,114.02364883748393,136.92400702430206,160.1147909726886,183.1626165242984,65.12995249008954
38417.37663344145,45.78623409357957,2969.357671965774,91.0457405593895,113.9155763188955,136.97274099014558,160.2865317527745,183.24804224967193,65.19508244257962
39312.28744708282,46.13928284674356,2958.4830988877948,,113.92699998450878,,,183.3436410468713,65.26027752502219
38103.45689720301,45.66108530046786,2983.698581217079,91.27479261166805,113.73548042989343,137.14371360992553,160.4818441073878,183.49437411536996,65.3255378025472
37628.21216242984,45.47038126239921,2968.316765997635,91.02963624068951,,137.47731995731584,,183.38927553787647,65.39086334034975
38739.0318885877,45.913740839003935,2957.202204646655,90.85501957343496,114.08320379936778,137.39048262152016,,183.6196397992489,65.45625420369011
38978.92922236964,46.00842959364854,,91.01752478079364,113.95155461053075,137.09888713929988,,183.6270545580298,65.52171045789379
37876.78375152795,45.570338914226426,2968.6846347697274,91.03576381822684,114.14562058404371,137.37907270483035,,183.58123579563673,65.58723216835168
39001.3229265616,46.0172232423117,2972.619659011936,91.09630023417506,114.25118093067516,137.30350459821292,,183.7209229438619,65.65281940052003
38872.73707686692,45.96657899634114,2945.357671264294,90.6731782133196,114.2143017044558,137.55639473488785,,183.73365194296636,65.71847221992054
39234.77014706947,46.10889095581796,2967.677511158428,91.01787878339738,114.22712348434712,137.53548334411155,,183.5829762265498,65.78419069214046
37903.88577394906,45.58111767368828,2962.002339866219,90.9327046976226,114.21115458955789,137.42665869941533,,183.9200206034568,65.8499748828326
37728.55557231834,45.51074904938288,2983.683146681367,91.27064670096098,114.27480060749576,137.51309454681717,,183.78145928553317,65.91582485771542
37975.98807023525,45.61019471543244,2990.1435370628255,91.36847529951422,114.46975132473342,137.66094416410775,,183.93235071228625,65.98174068257313
37587.31636674033,45.45390877884993,2986.63228140988,91.31629459335043,114.51914529652996,137.67196263967992,,183.87196194333586,66.0477224232557
37484.366699987084,45.4123074516283,2984.885127666763,91.28851878447445,114.49396120839549,137.699673458608,160.82940497363842,183.93853741481468,66.11377014567896
38269.70794117562,45.72752839839584,2987.312620310729,91.3297724520195,114.52443013814863,137.90985729023552,160.70843541228336,184.0873214509801,66.17988391582463
37180.934168058266,45.28938900887471,2970.301130366574,91.0605394373374,114.70646829049241,137.87675972464933,161.48168796495722,184.03676663797813,66.24606379974045
37276.64380521975,45.32825421023608,2988.365710635079,91.34517689279201,114.68460547137344,137.93707684848496,160.84922132010794,184.05955038849186,66.3123098635402
,45.66510209308314,2986.1887056264527,91.30825098829291,114.48487230340065,137.96118086660687,160.82333777107146,184.00520227111681,66.37862217340373
37629.27466029343,45.47075319716452,2982.726387559794,91.256040606294,114.86488605507128,137.98645018125882,160.72462307428702,184.09535597217186,66.44500079557713
36855.10941588889,45.15672969355923,2987.389808687328,91.32915931381993,114.76502397368438,137.97028926263957,160.8617766627299,184.14469938843405,66.5114457963727
37268.67069513742,45.32513941693387,2983.3918714528413,91.2640813370442,114.86932997768976,138.1128465413498,161.15164700483766,184.22286508831056,66.57795724216906
36817.61634414768,45.141315483288345,2995.6108115548905,,114.96558564381205,138.2178569537228,161.0224108491297,184.09365313473222,66.64453519941122
,45.39689066878681,2988.385829124755,,114.96103273030774,,161.13754481842773,184.24462330113064,66.71117973461064
,45.72308800295628,2992.8341782305683,,115.09230800285526,,161.05664423889118,,66.77789091434525
,45.75887166991217,2990.19014393303,,115.2401787608123,,161.15631439044745,184.31430573188985,66.84466880525959
,45.508917180278814,3028.51832759476,,115.29438901846596,,161.37990780866986,184.32241773571076,66.91151347406485
,45.840694818354805,3014.373286242801,,115.28250524563227,,161.4058551632219,184.2463564788634,66.97842498753892
,45.304406643932666,3010.572455632334,,115.45941057132073,,161.37747853969395,184.2710825602437,67.04540341252645
,,2996.086042095714,,115.32686550427363,,161.5849305924738,184.27907393629783,67.11244881593898
,45.41325032485829,3016.79681216236,,115.54153348667062,,161.47626654200315,184.44545089314093,67.17956126475491
,45.833403601045816,2994.8457760831475,,115.46672880827492,,161.6479487892861,184.32427015549067,67.24674082601966
,45.18305259927001,3038.588172832732,,115.47672873249692,,161.65741866606365,,67.31398756684568
,45.31879923243798,,,115.77664181692718,,161.61821640412236,184.43939746268018,67.38130155441253
,45.51845792794867,3026.9321637271723,,115.82573034586146,,161.4168472982138,184.5516633377718,67.44868285596694
36732.6886293834,45.10676868869782,3033.0879299142443,92.03638040476356,115.82754744298171,138.89612943047402,161.6764656336467,184.36443538364813,67.5161315388229
38222.08825715127,45.70875450545238,3026.4118356849253,91.93117517660535,115.95052920637245,139.0351168026297,161.79888105934376,184.34041436421242,67.58364767036173
36502.764697385224,45.01233407042483,3020.0478380509485,91.83485436020389,115.9319673281236,138.93712686518833,161.91582231198961,184.53246015225946,67.65123131803209
37455.40349950466,45.400920135706414,3024.9964873735767,91.90656295514714,115.94575472314466,138.82469516159432,161.79707501371627,184.3911510466838,67.71888254935011
38181.284216770655,45.69241990852314,3054.616911665967,92.37043128160839,116.01940675511425,138.9848598143902,161.7667985632871,184.4371550831533,67.78660143189946
,45.101948627246834,3037.2179697716588,92.09781429483772,116.30402998477317,138.80072563210175,161.88455228271377,184.3852806680131,67.85438803333135
38186.24022302183,45.694437667299596,3052.788115339147,,115.9887241475442,138.98887510603979,161.9178450495642,184.42403147904344,67.92224242136467
,45.7077648871921,3040.836267055234,92.15231571465614,116.09810631729411,139.1708504941949,,184.38289918142584,67.99016466378603
,45.72169069098071,3071.9637354153133,92.63497946971867,116.52783436101362,138.90179760617914,,184.47144361723574,68.05815482844982
,45.521790176843446,,92.20581847670947,116.09294946646844,139.11272281755112,,184.4172954845224,68.12621298327826
,45.603568812857475,3061.5747800282065,92.47001937049608,116.21069613167622,139.16873428156356,,184.42958287725094,68.19433919626154
,45.725982716187936,3062.011479004562,92.47886940324912,116.32182057248717,,,184.48689375821348,68.26253353545779
,45.47271429906249,3054.335140142187,92.36175372459927,116.4954709239268,139.29245312498017,,184.52038327175123,68.33079606899325
,45.40027357384213,,92.64295630998726,116.37506943703956,139.25170805338658,,,68.39912686506224
,45.952656913723764,3054.6096513628813,92.35930877089781,116.44756465599167,139.34279727617718,,184.4774228430926,68.4675259919273
,45.07466308865395,3083.501861348843,92.80867624916998,116.47008991598042,139.23333927232173,,184.3837312595349,68.53599351791922
,45.253956842440374,3071.762308567023,92.62402460833312,116.16409355766366,139.3093486588349,,184.60597994755338,68.60452951143714
,45.661169050468054,3087.998195595305,92.87266003402083,116.39446539173518,139.38681204781574,,184.53666576322018,68.67313404094857
,45.6775128106737,3082.6062505870523,92.79179365426712,116.24282975394216,139.2855774536307,,184.50334087741777,68.74180717498952
,45.399988503212384,3105.381643814061,93.14109261635778,116.54312311194364,139.4405687871271,,184.5903294508878,68.8105489821645
,46.00549186503433,3096.387585571635,93.00122270273106,116.03993929770117,139.18588138841974,,184.4420095400358,68.87935953114666
,45.699217794407254,3092.8994873344604,92.94769036188549,116.36616017693822,139.44909942917457,,184.57340951578917,68.9482388906778
,45.976473879684015,,92.98740356294908,115.59895818761608,139.34919122885378,,184.4236377119311,69.01718712956847
,45.51172393731718,3104.621613118968,93.13028459857941,116.4073571616253,139.32788211877988,,184.5148902329121,69.08620431669803
,46.14245196330112,,92.77137374811582,116.3632231960462,139.42231439578913,,184.58329289538239,69.15529052101472
,46.05254142108995,3130.99857015537,93.52631947752862,116.75594027127799,139.45786030933377,,184.6951557475664,69.22444581153573
38096.85347867807,45.65879699456026,3107.270875847366,93.1672461496433,116.61845194476062,139.398405418636,162.23855381373326,184.4975026380799,69.29367025734726
37970.90749302087,45.60828543588401,3122.210615041986,93.38873085590104,116.52917833408593,139.55755596316075,,,69.36296392760461
38562.0698751357,45.84395117869912,,93.42159134018092,116.41281924127556,139.20390528134317,,184.72634292246815,69.43232689153221
,46.11585812695433,3095.1727516758783,92.97382799295184,116.30474722578894,,162.266365148606,185.0375838117754,69.50175921842374
38428.34230004865,45.790932063861035,3144.9984608654263,93.73845711202907,116.44070719339375,139.36440272668779,162.13956268687073,184.75280648998833,69.57126097764217
39635.134059976976,46.26551584957188,3143.7694566136465,93.71936972248525,116.50965752088489,139.40770939292565,,184.7222904957666,69.64083223861981
39027.159987265164,46.02765368556428,3135.7177699499457,93.59476094933581,116.31319422855155,139.32211129827283,162.11253639500478,184.77134683784112,69.71047307085843
38890.44336685581,45.9738645374229,3133.6429906076564,93.56318846280014,,139.19615544684885,162.18606188796912,185.0060677109845,69.78018354392928
39601.647793842676,46.252516258816556,3114.4737278591615,93.26984887544604,,139.35414764320888,161.97347884648957,185.01543126239068,69.84996372747321
39316.961784232044,46.141340119802166,3127.8251514738736,93.4693759353567,116.52218582283854,139.55922521174554,162.06674772327395,184.84550786195078,69.91981369120069
39692.775289613506,,3129.322928014568,93.49432833475093,,139.3046438676125,162.2284562666871,,69.98973350489189
40717.2654447912,,3140.5671007667925,93.66439571519565,,139.31865557333347,162.11859165010145,,70.05972323839677
40925.07990991375,,3128.450831593833,93.47626726516673,,139.37183304553406,162.08415684755704,,70.12978296163517
40683.12148745273,,3130.47352010844,93.50888926416891,,139.35703907142604,162.10611818513632,,70.1999127445968
39851.1051061955,,,93.77301812296137,,139.37958780496348,,,70.2701126573414
40159.26400223511,,3143.7132363028404,93.71053313225617,,139.30324835893944,162.45337855195308,,70.34038276999874
40524.84918362446,,3119.8826669179434,93.34503783892757,,139.45728317953694,162.20362203452802,,70.41072315276874
41620.01063634201,,,93.63197843881639,,139.34888622377642,,,70.4811338759215
40080.78735486895,,3154.296586232982,93.86680497705825,,139.16423009511018,162.3000460737712,,70.55161500979742
40564.95430975069,,3143.9675732328933,,,139.19103006821567,162.19242670884532,,70.6221666248072
40804.69362488911,,3148.1227036508662,93.77378929320135,,139.3847167083207,162.27150617901842,,70.69278879143201
41284.18512245197,,3154.9894500979135,93.88015718498256,,139.11949917505052,,,70.76348158022344
40228.7155425268,,3156.2505714735357,93.89914804898515,,139.2240355609452,162.3216108060828,,70.83424506180366
41448.333849009745,46.96074861160171,3142.0390127614255,93.68184971209122,116.21171054713207,139.10053210105292,162.41436320594244,185.63407174557167,70.90507930686546
41158.61840740889,46.85094533909071,3159.8225812715714,93.95215893146523,116.2575047592579,139.19853709289976,162.5578209505062,185.6679042970799,70.97598438617233
41307.94939749773,46.90766318320979,3120.7534997052076,93.35515335204167,116.54558928365081,139.28539236350062,162.40690433843716,185.90820460655866,71.0469603705585
42305.212175030865,47.282275719260866,3158.7644581266973,93.9302660154067,116.35606992026375,139.34561653127784,162.34948448436882,186.11693834429445,71.11800733092905
40579.88582858028,46.630175312440265,,93.58517132544371,116.35569712189603,139.4286947184997,162.5657026357828,185.93548519717987,71.18912533825997
41454.5180434998,46.96300578966845,3168.195059779727,,116.29002653989448,139.23867405881668,162.75997327213904,185.782850567489,71.26031446359823
41846.818574329205,47.110745716537814,3133.325458302179,93.54545277833067,116.50914267135153,139.40504182975104,162.4102597945138,186.2142439866628,71.33157477806184
42345.178542270914,47.29703861640655,3140.7625208352088,93.65760467793295,116.25302282597367,139.2588601198087,,186.05218014073355,71.40290635283989
,47.22904495284905,3140.002649705047,93.64396926705963,116.22555092229074,139.4019159182364,162.6916995875976,186.04362940723712,71.47430925919274
42146.93086620418,47.223111089630095,3141.3269182688655,93.66506331712044,116.22053965827531,139.27478817525986,162.89102342168079,186.2131619541847,71.54578356845192
42928.37708053006,47.51328226123555,3140.442641969068,93.6544449121834,116.14320648966621,,162.8499458086678,186.3943370930901,71.61732935202038
42514.93907239076,47.36020599584288,3157.4187388090145,93.91080330876542,116.30922644238616,,162.90267941714615,186.23747498734113,71.6889466813724
43142.750950927875,,3133.043312620066,93.53921928632003,116.21399335091637,,162.94038577229506,186.3214393228476,71.76063562805378
42780.22765249985,47.45860103717182,3147.711357568759,93.75937512411573,116.14235380869839,,163.0977602595077,186.45795003574725,71.83239626368183
41894.55089633355,47.128541782076134,,93.87697254591708,116.3568304086377,,162.90288122365467,186.51496770890142,71.9042286599455
41496.677829607965,46.97882334827889,3133.0071988104532,93.53990772218607,116.1350729336957,139.7432643501373,163.28763768090184,186.71238852828722,71.97613288860545
42767.24127909672,47.453767525195225,3139.657344147332,93.6464650228476,116.18674051879523,139.6504530988885,163.30257579313235,186.76393176134675,72.04810902149406
41757.051495589214,47.07687245386349,3144.003584158476,93.70870548225976,116.09278900140424,139.59693524162068,163.30533945597546,186.3948624739364,72.12015713051555
42014.11190911355,47.17332226156487,3136.5416197958525,93.5936243029026,116.32529029139053,139.63191444791136,163.34712421085692,186.6490723483337,72.19227728764606
42679.96408302766,47.421427995680354,3110.6884016320273,93.19939314046778,116.4035914033234,139.89235837034215,163.48671752632444,186.79228100629817,72.2644695649337
41451.86258353621,46.96184304606673,3169.2228903661444,94.08843167780189,116.50369757145154,139.89043710132273,163.5578887157759,186.98513653374755,72.33673403449863
42998.28321855087,47.53904262801731,3153.3356787271796,93.85138225031739,116.31989968640671,140.03770341598667,163.60436776847564,186.9336067200501,72.40907076853313
42883.880455788785,47.496879642514905,3119.1786916490737,,116.38949117671241,139.96278460211374,163.9095311454345,187.12121627391767,72.48147983930166
41295.49595743874,46.902729526996396,3160.785280191174,,,,163.723436834682,187.0680915715449,72.55396131914095
43020.44906308762,47.547220323662735,3153.5626427205048,,116.24485646534501,139.87785671350463,163.8426332320144,187.27819672864626,72.6265152804601
,47.46641232011312,3139.9124959152077,,116.3802719603756,140.01766729736968,163.93978276861264,187.16954493367115,72.69914179574056
42147.51651200297,47.223239185482825,3121.2956039958963,,116.31633648350179,139.9983767405021,163.9304146831391,187.39541705943958,72.7718409375363
42974.56483501471,47.53025528493952,3145.533785840665,,116.48672929513543,140.05367312167905,164.0285425347272,187.37489510471522,72.84461277847383
42927.99981593809,47.513060929203434,3130.7455799537156,,116.31672995281966,140.04212176316332,163.85148466908964,187.36318537695823,72.9174573912523
41158.776553830925,46.85080664459551,3146.4343615683615,,116.34369185795809,140.03573179717213,164.09387447613497,187.40718726491963,72.99037484864355
41539.62585849624,46.99496594106853,3131.8194428130564,,116.4944461675083,140.292176621039,164.0953393107941,187.5220659070099,73.0633652234922
,47.24054872783317,3149.3704698485444,93.79205292849228,116.56375970135956,140.25871613012134,164.2392743334503,187.60142368463127,73.13642858871569
43082.81928087082,47.57021547111059,3112.95906225691,93.23421867245455,116.4580016670876,140.37381794222782,164.29016385024127,,73.2095650173044
42743.90908924955,47.445028402268164,3131.034755195683,93.51152037443275,116.74780106280477,140.28011912826207,164.2944668728032,187.56937702527532,73.28277458232171
41452.917166572115,46.962197416594755,3151.597719026385,93.82446279752192,116.68912651293792,140.3734170941813,164.28479788401862,187.53163591214218,73.35605735690403
41640.01180055485,47.03283729843416,,93.80471855391387,116.54119832241878,140.4360139955811,164.47638460141778,187.6545172083501,73.42941341426094
42112.25067446956,47.21004923224841,3151.1584569587717,93.81926345466863,,140.50004636486045,164.30842742485956,187.80594240436153,73.5028428276752
41382.759572058516,46.93567456452382,3152.534172976216,93.83841818673075,116.76146306820719,140.42339461958534,164.26894301664865,188.02514630738125,73.57634567050287
42961.29852952526,47.52534951971079,3135.6508699285696,93.58403229660786,116.63615504711954,140.50600681449956,164.63757220466326,187.81895941761607,73.64992201617338
41780.75244767401,47.08577933189461,3138.3769287353357,93.62116306897536,116.87717399564961,140.60762588594395,164.5518408212135,187.9821323113129,73.72357193818955
42554.981590742325,47.37497193572914,3157.550611310767,93.91439018290616,116.7996287275874,140.43940219137775,164.57041254106525,188.17065657487294,73.79729551012774
42478.49224243655,47.34656846938981,3149.671802028173,93.79634683657153,116.75031875927769,140.54209213822148,164.77484524976103,187.97553553494348,73.87109280563786
,47.49278303438164,3139.812930389797,93.64311899589767,116.78418828497212,140.7075272372452,164.73153480144353,188.06406769440056,73.94496389844349
41854.904335818996,47.11357376731444,3140.4089849781553,93.65284960262335,116.75726183389932,,164.49588885614494,188.05677979370702,74.01890886234193
42707.491416056226,47.43155217946889,3145.0767531206775,93.72588556667894,116.90097338085329,140.72941945382942,164.576045004714,188.30927691984203,74.09292777120427
42826.71282929088,,3153.8996736048975,93.86058506005786,,,164.70325093130307,188.39567385871692,74.16702069897548
42207.03802260549,,3150.889689844311,93.81348960309059,,,164.7252179287129,188.25693355313987,74.24118771967446
40970.83247318986,,,93.9700457686879,,,164.6722682857884,188.2566509751409,74.31542890739414
42558.44651404146,,3137.7288159470386,93.61258763258341,,,164.68518496677993,188.23474203806686,74.38974433630153
42582.67960044585,,3170.425909524679,94.10954292676975,,,165.17158172124928,188.49987447200726,74.46413408063783
41785.29513133602,,3163.066264213509,93.99837656175639,,,164.6420240902837,188.385971006513,74.53859821471846
41642.445509203695,,3158.1410948362227,93.9224405870632,,,164.70321544749285,188.61241352220367,74.61313681293318
42046.67405035599,,3151.5950800449073,93.82619652724429,,,164.68535007715462,188.41389735275158,74.6877499497461
41838.138094018104,,3150.303046544591,93.79894135621777,,,,188.4740772744197,74.76243769969585
41969.20172124229,,3173.050447168905,94.14842224969891,,,164.88072751448942,188.45464650787554,74.83720013739554
43049.8644961125,,3160.502045561921,93.9560385628253,,,164.70662241304873,188.72868542068548,74.91203733753294
42146.179234618794,,3142.8536736633505,93.68716050747206,,,164.99142376124698,188.39251739022447,74.98694937487046
41072.69315501506,,3152.028560088902,93.82662636495844,,,164.8804105268192,188.62637043385115,75.06193632424534
42388.59817628698,,3181.083217046897,94.26870780338795,,,165.03792290029722,188.5522292151921,75.13699826056958
43403.383209566535,,3171.591580687282,94.12608915945395,,,164.9131258203029,188.7141765385928,75.21213525883014
42102.04122316446,,,94.36510527218799,,,164.85332566243704,188.757050038451,75.28734739408897
41801.400905637725,,3155.329056534295,93.87803629073058,,,164.8785273428692,188.88757718396374,75.36263474148305
41580.66042863227,,3165.247263928623,94.02983500265475,,,164.94149507191688,188.89013260515227,75.43799737622453
43257.52864383697,,3181.837471896083,94.27979687147139,,,165.05613621651918,188.62186527175922,75.51343537360076
43024.9665305396,47.54877418609935,3163.307836935652,93.99459235685933,117.3175375752668,141.21236741093497,165.05956785715208,188.80812326224552,75.58894880897435
41940.7822360381,47.14577247571267,3168.1357153905383,94.07076830929162,117.1965063519507,141.45199304719145,165.23067746669588,188.98144887130033,75.66453775778332
42431.54624428527,47.32910763293959,3196.926602976761,94.50792644688357,117.59613849686417,141.60353749834275,164.90393210564665,189.06995114264615,75.7402022955411
43296.846926300816,47.648794634716644,3213.5082305618503,94.75810244638708,117.51763155443638,,164.83009300777445,189.0830629849348,75.81594249783663
43227.864479129465,47.62357500432648,3185.15821741432,94.32906123951196,117.4378825497254,141.63809248199345,165.4202538735656,188.94812768794688,75.89175844033447
43414.491954543184,47.69205316295898,3202.670795027558,94.5926876794268,117.49837631861818,,165.0607269269435,189.13607802997086,75.9676501987748
42083.193170023864,47.19911343004173,3160.5234235217013,93.95289635988122,117.63666562165294,141.55313069115056,165.0886426983365,189.0582006363826,76.04361784897358
43195.588813215014,47.61160914571378,3185.8458573582348,94.33719949016378,117.56367242602539,141.7822455913428,165.11323285274221,189.42754467485892,76.11966146682255
42987.284469036764,47.53483125732088,3193.1659015088912,94.4486987111171,117.65100871782916,141.53310441557872,165.17603422583247,189.36410424636483,76.19578112828937
,,,,,,,,76.27197690941766
,,,,,,,,76.34824888632707
,,,,,,,,76.42459713521339
,,,,,,,,76.5010217323486
,,,,,,,,76.57752275408095
,,,,,,,,76.65410027683502
,,,,,,,,76.73075437711185
,,,,,,,,76.80748513148896
,,,,,,,,76.88429261662044
,,,,,,,,76.96117690923705
,,,,,,,,77.03813808614629
,,,,,,,,77.11517622423243
42697.579563744286,47.42772218943986,3185.5193872608297,94.33198405463759,118.4386682247011,141.97555420186643,165.7619641276603,189.9239162706564,77.19229140045665
43234.87143089268,,3178.6838047396136,94.23070482156456,117.84318915548542,142.1783948963297,165.7844299426595,190.25220336765912,77.2694836918571
42136.210012618685,,3193.0801533086556,,117.91137039506931,142.0497571050764,166.07700195810742,190.1769964841402,77.34675317554895
43300.362926041555,,3207.6476247387627,94.66745586239662,118.3522999577252,,165.98490722396699,190.12451165020707,77.4240999287245
42497.20484521311,,3202.6750873066303,94.59065852459287,118.09565612465556,142.3899744978693,166.21649509554658,190.11527189064932,77.50152402865322
41828.75015988102,,3190.422897577478,94.40572461244723,118.08195975905474,142.56246973357207,166.1178047729722,190.41316252763258,77.57902555268187
42467.76659507699,47.342497040286,3193.7164563226033,94.45922483005816,118.14686716100324,142.4446150771445,166.26801396689197,190.49209284857199,77.65660457823455
,47.52528698185748,3219.139417408767,94.84216988228097,118.09905513006696,,166.26438728497254,190.33694331925457,77.73426118281279
41628.78360369782,47.02843305476859,3188.570587681277,94.3799300018557,118.45286508857292,142.5844482810318,166.27119560957692,190.42952047757746,77.8119954439956
42972.94589054715,47.52963487046643,3192.833936395757,94.44616884878045,118.22581607944073,142.450044469775,166.32433763441605,190.39344399217867,77.8898074394396
43902.02983109826,47.869885597495525,3202.6023685544774,94.5926795655447,118.2642458679428,142.44564435939492,166.50114242673163,190.46573191564718,77.96769724687903
41998.40901422416,,3183.0450816534867,94.29151690352188,118.26388927725743,142.63750645619163,166.49639175718252,190.47953354721594,78.0456649441259
,46.98960031735367,3192.4257956360743,94.43951862456082,118.33647995236095,142.81449028928384,166.66742212767255,190.64106647570526,78.12371060907003
42252.08250427534,47.262199593171395,3188.5579315711307,94.38150002350365,118.35877197606133,142.85416243747807,166.94981090361568,190.66356115085833,78.2018343196791
43144.12199178095,47.592673607476726,3214.7935915883427,94.7795739130512,118.57842611575587,,167.05451086984726,190.65617541940634,78.28003615399876
41403.06379618234,,3208.6718616018006,94.68203220962333,118.640101931321,142.92360070774404,167.09050136855532,190.6584267792224,78.35831619015276
43025.7975418523,47.54909537521245,3199.9867429933392,94.55417714650949,118.60921952537463,143.24594131381994,167.1082399922142,190.8907813713448,78.43667450634291
41822.948503954925,47.101545252538166,3190.9235373049205,94.41594128174893,118.77129939682257,143.15387312042316,167.26406655309657,190.71873406926923,78.51511118084925
41238.35309153525,46.88088892999869,3223.568200888513,94.91387332970099,118.56688799408843,143.00217493610123,167.3234897827586,190.79382008637944,78.5936262920301
41182.31304099044,46.85972095623946,3192.1868296974467,94.43861072970995,118.90563411031499,143.59837313629197,167.29767428486042,190.91983997895838,78.67221991832213
42476.26566621342,47.34582064880403,3185.573417679898,94.33673899731747,118.44060340443018,143.52119452792493,167.48272957626403,190.85524946372524,78.75089213824045
42347.599707995585,47.29796451072186,3226.7636875609855,94.95604989143358,118.90320916519447,143.26642335353307,167.5297837213587,190.85169167534337,78.82964303037868
41068.13714339874,46.81644151244734,,95.14326969689685,118.90208756276033,143.45208917805547,167.57085336419945,190.67651148545087,78.90847267340905
41103.65652644923,46.82998195332735,3232.992172927815,95.05153113578899,119.32455901352817,143.18800164804966,167.4297161557002,190.87632375425272,78.98738114608246
42791.040018260814,47.46248453898331,3236.6622166468424,95.1064652997825,119.31367410983218,143.6033213907891,167.63563659407504,190.83084446309195,79.06636852722853
41959.514909829995,47.15289960354279,,94.90588900263054,119.4723443090875,143.43786967935608,167.68325297768564,190.8986109379655,79.14543489575576
40938.20502328715,46.76698862137424,3237.362849358012,95.11338245427541,119.37628303609912,143.55534091189668,167.63803069100678,190.9588731818583,79.2245803306515
42475.12067774781,47.34537931156916,3219.429017901876,94.84820074120798,119.63279326231245,143.68630562451088,167.64732185981597,190.98453589078255,79.30380491098215
40773.89429308573,,3243.3319746887632,95.2046749742616,119.38843348884511,143.7914674811036,,190.96743136902776,79.38310871589313
41004.10433108389,46.79210282192335,3226.2373468436795,94.94871435386499,119.6915105134801,143.5810763297176,167.85436865606712,190.78006953367708,79.46249182460902
41343.214042871215,46.92087221220506,3257.280095217704,95.41574874107141,119.59284627452764,143.9254587034906,167.80255634149526,190.91868911030576,79.54195431643362
42355.36785973926,47.30089237901283,3261.0052200172877,95.46828108186382,119.86799193450888,143.72401575444982,168.07246073910918,190.93535576229132,79.62149627075004
42375.35214828199,47.308315489284816,,95.51928260932597,119.93914753590126,143.88490439508263,168.10793532923884,190.9495058164717,79.70111776702079
42370.98813846239,47.30670690444635,,95.45541832525493,119.99991805764765,143.90756151273604,,190.93555980290634,79.7808188847878
41866.61494740085,47.11823398115383,3265.128588763024,95.52914600470177,119.98339747311802,143.9928022614209,168.0969806644416,191.16082004478392,79.86059970367259
42402.66343334189,47.31854135936951,3257.0173058034748,95.40877758548088,120.0955784027698,144.03699950364953,168.07044186524118,191.00719554113303,79.94046030337626
42681.95299618719,47.42234117502963,3251.5928779745286,95.32212603523183,120.12938908049968,144.01600135810278,167.81303458549237,190.93346012389415,80.02040076367963
41302.86952434704,46.90567245071852,3260.051504641937,95.44856622734646,120.13865552949252,143.98928165361127,167.85137023524717,190.95519545703974,80.1004211644433
41900.182813164276,47.130803707849694,3275.3370658716963,95.67524367123542,120.16047088089779,143.9186634306026,168.16767592772447,190.81306037041318,80.18052158560775
40548.567659193475,46.618247570540696,3294.8013347802193,95.97265614660874,120.21184205164667,143.90405624419662,167.94593529639474,190.98817600299807,80.26070210719335
41584.45322528133,47.0120393543783,3282.4395815124244,95.78618580367039,120.97783799869842,,167.69832488307702,190.94523125955405,80.34096280930055
41204.92718344095,46.86850290392689,3307.4498025144217,,,,,,80.42130377210985
41040.67167914968,,3308.2286700454097,,,,,,80.50172507588196
42235.25147249409,47.256209692867046,3310.684790636925,,,,,,80.58222680095784
41679.617291661736,47.04799147628767,3324.4589013416044,,,,,,80.6628090277588
42981.76666340321,47.53309067795664,3336.0072279314772,,,,,,80.74347183678655
41784.45781673817,47.08739721324422,3290.5958780178416,,,,,,80.82421530862334
41820.776571551796,47.10102485291321,3323.6894568857133,,,,,,80.90503952393196
41625.5712556941,47.027608642887415,3320.3283218612937,,,,,,80.98594456345589
43298.983845628725,47.64990177850371,3315.200082553141,,,,,,81.06693050801934
41529.9834432616,46.99155274937723,3320.8373146051667,,,,,,81.14799743852736
44193.40221244051,47.97595775196398,3307.704050784034,96.1514146311158,120.8030609260043,144.18858332509024,167.93190380693505,190.99401968996295,81.22914543596588
42596.058222067666,47.390441533181225,3325.4561157725557,96.40817985320761,120.90711413174758,144.08428259245335,167.9211265489736,190.93109998225933,81.31037458140185
43542.0512644476,47.73887704210814,3346.3937862082917,96.71735173358984,120.91142150527385,144.32451369384526,,191.03169014703283,81.39168495598325
42646.22615926509,,3323.196080104356,96.37435301023577,120.83271613949184,144.24210622820644,167.56684897945604,191.227299563751,81.47307664093923
42667.218218697315,47.41684245177332,3323.733580928302,96.38165467100892,120.91130645270056,144.09992287272343,167.883605340219,190.90783615292918,81.55454971758016
43137.076754647096,47.590364158394244,3357.824450538775,96.88305274288359,120.73974502292957,144.15164127615654,167.87954625782504,191.01560494329112,81.63610426729774
44136.6096734646,47.955314633203585,3328.327059865158,96.44871896300229,120.44854016033278,144.10939292768745,167.94695699363382,191.12627269342963,81.71774037156503
44273.1695532198,48.00473295383407,3352.6923984393434,,120.86083021968402,143.91686267246277,167.9550218406911,191.21575629042806,81.79945811193659
44532.02367965163,48.09812495273517,3339.2075508462976,96.61276503847076,120.4762432353034,143.90899145715548,167.83114810624232,191.25873804768216,81.88125757004852
43773.40410400146,47.823289425731396,,97.00866648690644,120.73294322269545,143.92977549489424,167.86282405247968,190.6573097596854,81.96313882761856
44018.968847365904,,,96.6387335915729,,,,,82.04510196644618
44656.645359243856,,,96.76567454825492,,143.94663237704205,,,82.12714706841263
44792.574378824764,,,96.9990923501047,,144.03023448350243,,,82.20927421548103
,,,97.08718162967548,,144.26095585655528,,,82.2914834896965
44315.814759011206,,,97.18112106974372,,144.1114317386889,,,82.3737749731862
44959.12744537176,,,97.11217786564904,,144.02485599837374,,,82.45614874815938
45419.813872618666,,,96.89249228752105,,143.96700053261478,,,82.53860489690753
44709.04091928792,,,97.01904144415026,,143.80874433898597,,,82.62114350180444
44574.18621327134,,,96.62958205239703,,143.95151972306135,,,82.70376464530624
,,,96.6255459408072,,143.85385003802222,,,82.78646840995154
46124.13056755705,,,96.9148080592029,,143.9811178843186,,,82.86925487836149
46188.76828701143,,,,,143.91258479694324,,,82.95212413323985
45246.03529451598,,,96.86205936702977,,143.96130318001084,,,83.03507625737309
46317.35887707733,,,96.45464970827625,,,,,83.11811133363047
,,,96.66826451153636,,144.1023989715862,,,83.2012294449641
45385.793795218124,,,96.510294516207,,144.04398550656515,,,83.28443067440907
46041.96241392518,,,96.62756770534104,,143.92773596514186,,,83.36771510508348
47188.17423604646,,3334.4404652686294,96.533017139877,120.51896242038535,144.18585522046922,168.37253299128815,192.35586971231214,83.45108282018856
45773.00812190517,48.540783003613,,96.94115052779678,120.25912341227009,144.11225931046675,168.41761828163473,192.34038561481628,83.53453390300875
46666.30518612601,48.85466939523969,3345.59085659578,96.6962718244487,120.51542565956667,143.82676353878134,168.36987629006182,192.49070147578925,83.61806843691176
46553.9051709204,48.815386105168045,3326.173008744927,96.41046384784151,120.51713627011898,144.0718309271368,168.5840803506382,192.7109114343879,83.70168650534866
45870.49170670478,48.575182127921266,,96.28159701644643,120.54166734265628,144.18456270893697,168.6294389619309,192.65698423260912,83.78538819185401
47214.52214324178,49.04531571980168,3338.8186990797553,96.595912262594,120.53920426520844,144.30560940149442,168.55343723284162,192.59914054489246,83.86917358004587
45422.76792487383,48.41650318081458,3335.3494730570906,96.54727556285816,120.55384623048838,144.26576777214405,168.82930606531733,192.83952735478533,83.95304275362591
45354.54271334576,48.392225160279196,,96.41353426948432,120.67789044691528,144.24181921626015,168.65539480831623,192.85486815855887,84.03699579637953
45884.628984831754,48.58008979796021,3321.5961976783083,96.3410622842555,120.66884203686926,144.2787948694837,168.72181654306982,193.0202077263316,84.12103279217591
47410.92381506414,49.11317277611129,3352.688992737516,96.80296743391891,120.65975428235576,144.3466193818179,169.03139370158158,,84.20515382496808
47361.216743783305,49.09598852247435,3340.319509348577,96.61920531834221,120.6529036845511,144.1699364610809,168.67260192388596,193.00874754250916,84.28935897879305
47160.59544803975,49.02654788444937,3333.5547710412934,96.52079977360337,120.57746985422192,144.3944928766974,169.09462057160783,193.09759625114967,84.37364833777184
47486.87917594614,49.13940005118116,3365.128018628767,96.98712885756305,120.68740455487192,144.3130233530763,168.96521750633264,193.2230304154843,84.45802198610961
47004.51544624961,48.972203857143796,3332.029768928334,96.50049796408504,120.5195612678292,144.5362809847584,169.25550907888024,193.2670300385994,84.54248000809572
,,3351.9157904919393,,,,168.98132509891812,193.43912367304102,84.62702248810382
,48.61357638320764,3353.3603576778696,,,,169.1199925533945,193.53201846024373,84.71164951059193
,49.111741522681484,3358.1702422871062,,,,168.9466006292675,193.32554233882252,84.79636116010252
,48.6096145129121,3342.0157683051143,,,,169.1927044523694,193.45927256424238,84.88115752126262
,48.708255843528285,3352.189269857143,,,,169.14476756343223,193.71562180602487,84.96603867878389
,48.71506703468537,3349.343657687896,,,,169.14479336469762,193.5947385299538,85.05100471746267
,48.929841371608056,3349.193758470107,,,,169.37963813582752,193.65053445093133,85.13605572218013
,48.89524827677035,3321.0700326972233,,,,169.35706637441604,193.52568119538435,85.2211917779023
,,3337.7656548959185,,,,169.20161995371393,193.90909410160074,85.30641296968021
,48.907902738798654,3322.980400256146,,,,169.54916932951804,193.77220433029862,85.39171938264988
,48.288210956854066,3351.3301399132656,,,,169.29368946580465,193.5235531071979,85.47711110203252
,48.418411424531776,3359.858463884002,,,,169.13861967951206,193.89894953258877,85.56258821313455
,48.671863058431384,3369.3107736012207,,,,,194.02967344831046,85.64815080134768
47042.794641272376,48.98560269054295,3342.468305143828,96.6533199589327,120.74561172064288,145.05987143441968,169.5436401718574,194.06921691134414,85.73379895214903
,48.49820214930967,,96.72795289021455,121.07241607530123,145.15219600651892,169.54953843916772,194.04786811583077,85.81953275110118
,,,96.7992451822149,121.14313456738644,145.07910152867072,169.43737546951238,194.0861588932384,85.90535228385228
,,,96.71766060984562,121.0640156633142,145.10408332568977,169.50850446168016,194.15403144232442,85.99125763613613
,48.59294061447344,,96.64265876557434,121.18533000831042,145.30869697824141,169.76948742228345,194.1509069494459,86.07724889377226
,48.979211325928745,,,121.18110045897822,145.37720086163498,169.60200247704978,194.30121874660202,86.16332614266604
,48.736955867398834,,97.02970085817326,121.04364432676466,145.45188852666877,169.50454732247064,194.12451368762575,86.2494894688087
,,,96.63934845484107,120.97523340282152,145.27972301471377,169.64948646076604,194.2673809831888,86.33573895827752
,48.91744787129647,,96.6574344428205,121.19472816953957,145.38134452611965,169.872693096968,194.17071922976638,86.42207469723579
,48.41836573368827,,96.60196378562418,121.33045078168276,145.58726712182113,169.7118965663069,,86.50849677193303
,48.51501223537182,,97.27098166037527,121.2684546301997,145.52106578480652,169.55312420022034,194.4366876635888,86.59500526870495
,49.29882482606574,,,120.86290603035648,145.4569064826225,169.7026148353241,194.5010471777892,86.68160027397366
,48.50331696664474,,96.86516728380616,121.07446125378681,145.6627570439856,169.69820029855128,,86.76828187424763
,48.97785410343478,,97.16503980678505,121.25157518687567,145.7040173332465,169.72470174686276,194.66631247495988,86.85505015612188
,48.87685968303721,,97.22976925048442,121.1181290755328,145.58489286891162,169.86555655884797,194.49554867571288,86.941905206278
,48.8052510862846,,96.78543621017512,121.11343383688869,146.01852012973103,169.81608847402745,194.60850180405518,87.02884711148427
,48.374662144851804,,96.85721426844526,121.28661552854236,145.79007087907772,169.74151387818998,194.56865717301622,87.11587595859575
,48.97383805640663,,97.18380737573393,121.3339371112925,145.60653093209152,169.85005603371496,194.48505169877083,87.20299183455434
,48.521884547567225,,97.36437989093427,121.19425269345516,145.77615042981185,170.0662854166746,194.6463142067502,87.29019482638888
45976.00003946951,48.612280226794645,3386.558541577799,97.29635891366391,121.01239718345163,145.92521975913638,169.7726936074879,194.65573125857253,87.37748502121526
45975.597595329484,,3405.4850539438335,,121.16758341997541,,169.92821034818925,,87.46486250623647
46786.861527511894,,3385.8485860120036,,,,170.11692055104606,,87.55232736874271
46989.95810713789,,3375.193031433573,,121.54429907777359,,170.05365166866113,,87.63987969611145
45579.01481739059,,3352.1817392421167,,121.50243946857664,,170.14678340158846,,87.72751957580756
48046.14291341716,,3371.431545286661,,121.54661443062642,,170.1675107859322,,87.81524709538337
46406.07464081647,48.76345779514566,3359.5217377348704,96.90196317426476,,145.85918703939802,170.25721754405512,194.94100625458358,87.90306234247875
46202.959961571985,48.69219386696584,3369.9125266529927,97.05338379818701,121.60730191000506,146.0153005180062,170.1297903451333,195.0100180447585,87.99096540482122
46866.18990401117,48.92418377154101,3386.4753990080812,97.29714204784936,121.36992861581535,145.9724583627247,170.18264664735017,195.15911956606635,88.07895637022604
46169.43158261069,48.68036744714391,3358.2139340728168,96.87900327687338,121.40737903834756,145.9573748752834,170.35774082103447,195.22447707937744,88.16703532659626
,48.78549392727212,3378.9232145567566,97.18685109743328,121.39196598084911,145.88936249034256,170.31645415125337,195.3305851936534,88.25520236192285
46101.88485729277,48.656578051217224,3382.7636847834133,97.24156900315647,121.59392242378712,146.12397512807345,170.2849162187306,195.31480886060504,88.34345756428478
45999.23825395078,48.62043302281804,3364.7281918719227,96.97629797466507,121.59761390601102,146.10717053882436,170.47670964233293,195.21770702850264,88.43180102184905
47646.73809319007,49.19441785754453,3375.8272525942198,97.13976328801228,121.80431704090822,146.36203780351482,170.43591133600088,195.3333672035065,88.5202328228709
46920.902851494524,48.943158982072504,3365.4355993497056,96.9897249956501,121.53088889630965,146.17103829078283,170.56700533432456,195.2976524683962,88.60875305569377
47720.31684419104,49.219708870664206,3374.438005330187,97.12124248864751,121.59891372774642,146.33169061573642,170.62355042466632,195.4869041793632,88.69736180874946
46143.9013350028,48.67136463772741,3400.2552739205034,97.50092177603177,121.56431692955928,146.21956822472328,170.52807839134772,195.5803309908524,88.7860591705582
47447.23751301002,49.125613431736774,3395.4441035737673,97.42917405448772,,146.25958823747393,170.6231820584797,195.7453568407901,88.87484522972876
46531.8702443271,48.807460412850645,3387.1390660921993,97.31031953492575,121.50882295740105,146.5015864487336,170.86509744481657,195.680630004936,88.96372007495849
45614.188330265766,48.48428769409215,3396.621214817841,97.44451221782687,121.56498192177459,146.15774104394384,170.84097204897662,195.76426787215206,89.05268379503345
48159.27523533584,49.370158075938186,3366.4190166316057,96.99877739696436,121.74013498585472,146.32655726733384,170.9080422096453,195.79344570667178,89.14173647882848
46338.15248691658,48.73964457693913,3394.3144371798367,97.41699423780445,121.55730766770328,146.6572775783727,,195.88426004964958,89.2308782153073
45780.02590807014,48.54306713316443,3364.867922461725,96.98118058213126,121.46028955829807,146.39500497299395,171.18554739361406,195.98565376087043,89.3201090935226
47780.633268598845,49.240403262772595,3397.4710461124405,97.46340426055542,122.0422376924981,146.4366970437567,171.08959765963397,195.87356107543016,89.40942920261612
48342.70409886729,,3376.634985906904,97.15586724237856,121.50744812116862,146.78483796951892,171.2480902763418,195.91575754278736,89.49883863181874
47436.40928411146,49.12192948747206,3378.7522050495177,97.19146314185492,121.71506989087206,146.51528378367075,171.1866963962497,196.0990469079245,89.58833747045055
45716.915363536275,48.520780023780326,3397.89481663318,97.46952702140891,,146.73512608928024,,196.24114916820812,89.677925807921
46735.62376669597,48.87868402368567,3381.8387924377294,97.23061127548806,,146.70130307883755,,196.29776040319115,89.76760373372892
46561.768214216405,48.81811528260569,3408.2425581571893,97.6187539776025,,146.98279104152402,,196.28791891134367,89.85737133746264
46856.96249525377,48.92101550775441,,,,147.21014996060825,,196.14328350350894,89.9472287088001
45367.67379489044,48.39678338965315,3379.6705039713033,97.19825171229309,,147.0610455864207,,196.25914280729324,90.03717593750889
46085.003427048054,48.65088321033248,3415.684115214536,97.72513741069426,,147.06153841692552,,196.26012903841303,90.1272131134464
46090.2280811799,48.65251936842252,3397.836608282502,97.46625732782849,,147.0839168609169,,196.2078032216267,90.21734032655985
46145.781612981045,48.672028327748315,3372.4954617382195,97.0929613206505,,147.17899781202019,,196.3393504980556,90.30755766688641
,48.94651467991454,,97.09507086825529,,147.1416293448291,,,90.3978652245533
46762.62810586101,48.88810486558344,3388.857033292171,97.33373284581602,,147.2179640593521,,196.27083002662965,90.48826308977785
46665.54827711343,48.85424680420384,3396.390462769124,97.44230321110648,,147.46186647793257,,196.51005581019845,90.57875135286763
46569.54686268131,48.82075244959673,3397.5764037790514,97.46486776859254,,,,196.43700882079239,90.66933010422049
46363.35818826626,48.748506431826364,3410.690434037307,,,147.44408908080152,,196.52192425394134,90.75999943432471
44609.18238539152,48.125537318893855,3427.5334672715576,97.89906433912222,,147.42402590413639,,196.4551382574907,90.85075943375904
45072.26000353353,48.2915897722139,3400.3271414780215,,,147.57410340072522,,196.45137883765275,90.94161019319279
46164.82042645422,48.67879494770654,3437.8567511277906,98.04818334140798,,147.695669690951,,196.5447851764373,91.03255180338597
45912.81768560775,48.59013310622944,3428.4381475339924,97.91417377982597,,147.81113975131464,,196.55904371794475,91.12358435518935
46154.97687943858,48.675443839982165,,97.98286215866477,,147.6982967872031,,196.6824631738671,91.21470793954454
46358.89365851142,48.74709028323633,3420.936936245004,97.79811597167982,,147.8429490327928,,196.39280776338865,91.30592264748408
46465.69195907063,48.78445873457948,,97.9493616783607,123.10711198539687,147.90136997539767,172.718217418975,196.40080525058,91.39722857013156
44436.1591994613,,3404.712355754515,97.56273843801043,,148.0536272483431,172.76939074908117,196.44034823192325,91.48862579870169
46181.8202969348,48.68493061528276,3451.1387494181135,,123.05132999474502,148.09055913747304,172.83959319970901,196.58738504462278,91.5801144245004
44437.60294480055,48.06373851194139,3427.8556346176633,97.90209845935402,123.00516411516881,147.9866410079473,172.8245165953094,196.66254246571967,91.6716945389249
45974.827335988615,48.61204920710562,3448.007601824104,98.1924783403496,122.91293769259798,148.18273558801124,172.91380107013316,196.59252715633843,91.76336623346381
45478.49045182288,48.436424605356315,3458.659474904641,98.34950163980331,123.10361961534076,148.22356216406095,172.95952750038663,196.50961018722035,91.85512959969728
44682.70971584907,48.15211840957344,3443.8501839932524,98.13150736777094,123.12305770349134,148.12237320383653,172.6942207566975,196.54679438472968,91.94698472929697
45155.68643497109,,3452.90845174973,98.26082618778968,123.22712241657587,148.17860739378295,172.8348109607937,196.46069975931277,92.03893171402626
46116.3257927157,48.66208310868281,3475.8088586762447,98.59524187232068,123.0939223159028,148.16465311715197,172.7530123045873,196.51948505391704,92.13097064574029
45234.917054449856,48.34979538215396,3490.5895324874623,98.80792398145641,123.47806437681179,148.15488732724847,172.5661799822496,196.48554172884985,92.22310161638603
44563.54211951927,48.10925162304299,3466.483128167571,98.45600332817885,123.50828825445635,148.32321626481152,172.71692782544838,196.5955790898527,92.31532471800242
45492.58072196207,48.44142429503665,3493.0468360909126,98.83945619201577,123.38372352436438,,172.84136400354555,196.61155942433456,92.40764004272042
46505.56451170298,48.798554732274965,3490.1134190747266,98.79827129583113,123.57488089753957,148.16675988441924,172.76780833549256,196.5090649293736,92.50004768276314
45567.51150977972,48.4679898968255,3468.702455368997,98.48876228242159,123.62286710394264,148.3496583114903,172.86545321342552,196.4643939684954,92.5925477304459
46317.27136663375,48.732590680197056,3509.2592140354877,99.07126139293868,123.49131648626168,148.27556361966472,172.72229289314828,196.50736297220158,92.68514027817635
46642.81291932052,48.84656889585059,3497.236315435086,98.89872061380531,123.79506713499735,148.3856748657932,172.8292821641738,196.8216401518977,92.77782541845453
46651.46301784845,48.849677551357765,3494.2857829909485,98.85884394282306,123.99264591635736,148.28541810463418,172.62670816616193,196.617103710237,92.87060324387298
46211.58372597647,48.695484172979,3526.8820552107404,99.3258820256695,123.8210073103386,148.13026900821944,172.71785445859604,196.46379005338238,92.96347384711684
45302.51686637437,48.373903347946204,3512.643703699846,99.11752089340165,124.11291937354231,147.88166174129648,172.75231368936733,196.57201414950012,93.05643732096397
,,,,,148.26756228714729,172.85582442205373,,93.14949375828493
,,,,,148.3900489118748,172.92686667201724,,93.24264325204321
,,,,,148.37628619132383,172.65839328098133,,93.33588589529525
,,,,,148.25514428182743,172.65999898089856,,93.42922178119053
,,,,,,172.67131084075467,,93.52265100297173
,,,,,148.05248059041537,172.6414506675021,,93.6161736539747
,,,,,148.2693977931967,172.97312199666382,,93.70978982762867
,,,,,148.11681532075167,172.68783681391685,,93.8034996174563
,,,,,148.16435716043694,172.63519579438207,,93.89730311707375
,,,,,148.22062606327617,172.66789358482347,,93.99120042019082
,,,,,148.18792024687403,172.70313874586017,,94.08519162061101
,,,,,148.1904484556912,172.57266246880732,,94.17927681223162
,,,,,,172.84972644679067,,94.27345608904385
,,,,,148.1352216187612,172.6505487233319,,94.36772954513289
,,,,,148.1473960023541,172.72975381821857,,94.46209727467802
,,,,,148.06746309325123,173.02283605350584,,94.55655937195269
,,,,,148.10136353931972,172.75088376862738,,94.65111593132464
,,,,,148.10143611230038,172.9225601388374,,94.74576704725597
,,,,,148.05097946921643,172.74774610088616,,94.84051281430322
50284.922501291665,50.08664826395607,3558.129533104759,,124.09404008012123,148.0962321529135,172.93127882576997,197.3286723760809,94.93535332711753
49035.60525985029,49.66814343061804,3542.3324077335683,99.53594526519296,124.13569375429137,148.0841079659999,172.80602491057198,197.30310903830915,95.03028868044464
49365.57071265404,49.779320808055935,3554.9777353126324,99.71844590786286,123.86639451530677,148.043500668345,173.10435253722812,197.4077718332522,95.12531896912509
49029.57698390373,49.6660269670714,3530.7615928219548,99.37020628553476,124.18301000249994,148.1708722724039,172.80139202852686,197.47404910091984,95.22044428809421
49561.112171370594,49.84494575285434,3526.8939413104586,99.3081065172188,123.8129983242403,148.04811487680274,173.08272337482384,197.89588805605678,95.3156647323823
49448.48666569447,,3524.526546916459,,123.85556156837069,148.13383836521402,173.02540469552835,197.7242086034553,95.41098039711468
50483.51843076645,50.1524516292302,3542.4935209333175,99.54170729102006,123.97627475500973,147.9801955837581,172.98404956703195,197.71669643285503,95.50639137751179
49281.487691458125,49.751070977895374,3537.8374005104383,99.47059877613911,124.01209601034827,148.0519237543405,173.13182546653678,197.82711631284323,95.6018977688893
50406.736608479274,50.12692661162598,3525.455153854799,99.29301073250815,123.888387429165,148.08995798274066,173.23957163975246,198.03731107682924,95.69749966665819
50621.10387375725,50.19791611051563,3535.847935717452,99.44369523599046,123.91115888169958,148.19737765941068,173.43810006955184,198.0751834227237,95.79319716632484
50622.34887828896,50.19836147038316,3526.6485710776906,99.31161045203862,123.84074344037123,148.06732847430075,173.4253827066814,198.01835944228432,95.88899036349116
49424.77371695595,49.799082987040634,3520.7466757201064,99.22750905113962,123.80662383222904,148.31317294607717,173.3626859080888,198.14972497848692,95.98487935385465
51706.03351062046,50.55411695277229,3538.74021969935,99.48582597951376,,148.38580275350375,,198.06603009562338,96.0808642332085
50082.25695907996,50.01911703426301,3509.685430427688,99.06611639721403,,148.34830845494596,,198.1380324357176,96.1769450974417
50990.715729683085,,3503.842286200914,98.98235897347026,,148.3054549797465,,198.30718549673088,96.27312204253914
,50.029819223900304,3511.5607638512065,99.09395706132673,,148.24644653599367,,198.40223395441103,96.36939516458168
50220.95239418933,50.06520443842161,3503.085337249745,98.9690293703579,,148.35037403067068,,198.6603921604402,96.46576455974625
49665.918412793064,49.879917225329024,3530.4232824159876,99.36530454403024,,148.44607295013577,,198.59498377103202,96.56223032430599
49968.19491158372,49.98097611544573,,98.99824038220768,,148.49295869376675,,198.55660570964963,96.6587925546303
51130.720007263284,50.36579280221081,3537.8439172469016,99.47434230774134,,148.53086984634317,,198.59523400828215,96.75545134718492
50328.93331164328,50.1009738288809,3526.794558146732,99.31155243504307,,148.59408715936362,,,96.8522067985321
49233.3621275954,,3519.1516032657514,99.20426683838072,,148.6276180875918,,198.92002157999426,96.94905900533062
48840.234861821795,49.6018598667935,3514.8138770799465,99.14408811787996,,148.59079656163732,,198.9009143292136,97.04600806433595
49529.20793382765,49.83405987990407,3538.646957531461,99.48428017373465,123.75602837806971,148.70953562498477,173.9076056698171,198.92555141379017,97.14305407240029
49039.46151986022,49.66919695723488,3516.286681341071,99.16246918431735,124.08434505140382,148.85965978036594,174.3155510427789,198.78622899931747,97.24019712647268
51057.094379281814,50.34160396881529,3528.053685188188,,123.90106402680698,148.93137033957683,173.99332394581137,199.00617959963532,97.33743732359915
50322.962443223114,50.09900037374471,3519.997100129146,,124.159391494296,148.90163630334013,173.98487051057873,198.98423683446634,97.43477476092275
50207.645071159284,50.06073476762703,3527.3391897998413,99.32392515226412,124.08183565723863,148.9509290465461,174.07917027771794,199.1604823943621,97.53220953568366
49665.002517123394,49.87963406848584,3535.466499847072,99.44164840923786,124.27852431098506,149.01994598826053,173.849918207306,199.40764927208832,97.62974174521935
49954.59065208715,49.976451492378715,3530.538953529796,99.36947822887767,124.12021029816154,149.06016961250185,173.86944477245967,199.11175042679258,97.72737148696457
49477.9595691553,49.816946125770365,3512.4477424163206,,124.23874479286913,149.0944193661174,174.16377451959562,199.25249977722777,97.82509885845154
50963.23051221725,,3513.0777911990353,99.11806108214526,124.23333221802471,149.0891485087925,174.23694663698743,199.37783332566127,97.92292395730999
50933.068780697664,,3534.4741166670556,99.42699323337196,124.32002040375534,149.21914229983327,174.25114849415192,199.30239571403192,98.0208468812673
49040.368349159704,,3550.605171578533,99.65504985719812,124.33996998487225,149.16067707613567,174.13203324949816,199.3420101310178,98.11886772814857
49092.21376443478,49.687017045066334,3553.1446076033003,99.68999831949321,124.53656932006477,149.28402225130665,174.1245496531945,199.35688144418617,98.21698659587672
50906.77435909669,50.29212833025149,3546.193942877338,,124.261658430004,,174.1253198026728,199.5843216600931,98.31520358247259
49726.364286859156,49.900173970599575,3526.4837568378102,,124.63123678957,149.1331094956828,174.25846148334395,199.2886197991584,98.41351878605506
49537.45427456121,49.83691414959037,3525.6795151554475,99.30058747157311,124.56004621827844,149.39833116832204,174.4608969207994,199.6394856915512,98.51193230484111
50702.43379607465,50.224736234688834,3508.1287296940955,99.0449147628657,124.30996705785141,149.40598645795842,174.16107162823,199.535455840767,98.61044423714594
50895.20644331751,50.28829577841973,3518.835060940818,99.20033033106324,124.4457453918449,149.32403546125747,174.41770507324046,199.77843277222422,98.70905468138308
49760.82322484059,49.91174729826229,,,,149.28662940504236,174.63851551010686,199.7241325930594,98.80776373606446
50353.03647292059,50.109050321204066,,,124.7795140906635,149.52519929205815,174.43563749326935,199.64848370647542,98.90657149980052
49457.933009520995,49.810193026804626,,,124.7323415666855,149.61624171069369,174.28789517561552,199.74745942275467,99.00547807130032
51832.16670805565,,,,124.73948562288254,149.56013760215737,174.33225594568222,199.8396273932342,99.10448354937161
51668.22107822264,50.541769539539686,,,124.76450814697019,149.54965096522915,174.53142154016635,199.70241948331494,99.20358803292098
50518.115816879166,,,,125.07622803618507,149.54821307420565,174.4992135223832,199.80575087608932,99.3027916209539
,49.88876958055477,,,124.9224425015004,149.56540661788608,174.42307445638406,199.87366374227943,99.40209441257485
50286.452087904196,50.08682806590729,,,124.89476203209749,149.762308028318,174.61139856912084,199.75389316211226,99.50149650698742
51095.106605006826,50.3540827579586,3548.420935683578,99.62310136556498,124.91998103820812,149.64876284420825,174.58849063417892,199.6667006037584,99.60099800349441
51217.63555172933,50.39435568766208,3553.6739274745205,99.69975887080373,,149.83839456922755,174.52945925441716,200.1381607988348,99.7005990014979
50038.812292198454,50.00462719110182,,99.43451032356418,124.57321647787855,149.6835692876573,174.53284483749619,200.11748121687464,99.8002996004994
49546.025468350126,49.8397126697004,3548.40761416236,99.62917122924259,124.716342346604,149.72793404032052,174.68013180640204,200.2797506408966,99.9000999000999
,50.41974040173194,3545.13720588939,99.57276657760228,124.83533037775463,149.91215418468852,174.67367569319146,200.1875089112557,100.0
