X1,X2,X3,X4,X5,X6,U,time
0.060129249463423996,-0.10951668982661747,0.13018021421494605,-0.08587097028393671,0.10467940508055001,0.24011960364905535,-0.24298168240233295,0
-0.05536939759175949,-0.05868808742567316,-0.046325347148132225,-0.03462848058151922,-0.060665256959587945,0.1895611918577977,0.1968114556113767,1
-0.10850906955369252,-0.32677804344348776,-0.11070200275015421,-0.12377716442190093,-0.05921960866757893,-0.04867519228975334,-0.11060631279777594,2
-0.2766902691710018,-0.2835777446402128,0.06020466580663183,0.02560110927721241,0.14610685988478433,-0.1297830841458591,-0.10586907229547118,3
-0.08703047851124097,-0.04758199611821359,-0.12758263451574015,0.05265695679033186,-0.048179800424374246,0.06540199582819342,-0.09340899475395961,4
0.15854600332352,-0.03762579392996875,-0.08191616565131901,-0.09895915862836645,-0.0623185852919567,-0.26748168914726966,0.01438805205702852,5
-0.006172372700314255,0.014089240452574231,0.06629941923415907,-0.09378229047280459,0.030668867403374097,-0.00652364923224167,0.014556612784713428,6
-0.05036970588914109,-0.07827515552270092,0.04449424216338861,-0.05507576247964524,-0.03189689262027241,-0.027839263337575554,-0.040600867768767444,7
0.06946344249255769,0.2484186238753099,-0.003889340287855831,0.00699691490737505,0.048281898296889364,0.04024223272828736,-0.10242447079772093,8
-0.20709903317092437,0.09008860465218667,-0.19459032717194188,-0.1539438545321949,0.1117999037007502,0.0310536234530801,-0.1620547582515366,9
-0.11975332519342782,-0.06871442674886259,-0.27306647095179976,-0.08507340639012283,0.01659123333055609,0.059462187213618754,0.012674485394923255,10
-0.09413840635427907,-0.3427135438611935,0.013632586233514703,-0.011942880785664106,0.13064683197353574,0.17363423050625482,-0.04323867952841792,11
-0.3011717807106275,0.015605182784079638,0.05073718240491373,0.030636723613735498,0.01071877464686865,0.16336645940524422,-0.0948566275695974,12
-0.07298198680779859,-0.060271173042885984,0.11276256081005294,0.13859690399822744,-0.17607352689811215,-0.11464237722118364,-0.00366789636470308,13
0.18109739172883446,0.1385134032388117,0.47055092086873984,-0.09643364529511972,0.030690487350487468,0.24345024783725766,0.37016501149028774,14
0.19474368225565464,0.18504717490759606,0.13410678690672478,-0.05616513384487924,0.06193575116594333,0.15953041065715845,0.09066781191666423,15
0.014222633443811483,-0.00768625543298828,0.003738204136472325,0.022686930568451502,0.14659970281699844,0.12114670797546405,0.039088045112463055,16
0.07032595615475092,-0.2295809314432073,0.10998854238586607,0.09040746090278517,-0.1232404676195904,-0.19776381348822217,0.04117478241997469,17
0.09525372706960725,0.07733054392077425,-0.39616132192351833,-0.07793862496403649,0.020080410018349447,0.005491314229329997,0.05693961615454751,18
0.04003372242265113,-0.023432344898094287,0.01686080481563093,0.04027438320588721,0.21615199823118508,0.5465267338506155,-0.00847354060472536,19
-0.02519931923318769,0.4043437644901714,0.03134876639796706,0.13239140572344166,-0.07644831937937029,-0.12057541532182144,-0.11506275634408443,20
-0.03336695006175684,-0.23630239849514625,0.04153096276729801,-0.012344185894488255,-0.09846470227076254,-0.045928836150528764,0.06707705393309672,21
0.2578378170645477,0.01970220108251504,0.1798515624266453,-0.16760818149807227,0.04313866037156691,0.13379739756666337,0.38816293582614103,22
0.1440566076117564,0.2186264932258367,-0.001923042930243521,-0.19362060631152275,-0.0005895481972330298,-0.15256650082429496,-0.10118809111735104,23
-0.03784197269757363,-0.06484454624741184,-0.13570343550034075,-0.11388916294020435,0.219191129165221,0.21696588105306247,-0.014160262023087046,24
-0.10252679807546071,-0.08375957805320519,-0.13998490689178855,0.16203854560197997,0.02517025845056847,0.0435890052749969,-0.007566675691410016,25
-0.04644391346246332,0.06163501950797136,0.1687938508418093,0.20328795218053888,-0.012611354802146285,-0.3251674427578174,0.08023284644020952,26
-0.16097778677441876,-0.02284905098061258,-0.014413837091108835,-0.07717556855261358,0.05457973531109305,-0.14822734322580353,-0.11150329212409596,27
-0.445936479867372,-0.12856524941398706,-0.1490614960231665,-0.015842965841463993,0.153113960456748,0.05000442204871229,-0.42799464953217775,28
-0.003730031757850711,-0.034147525139919206,-0.04003219134568618,-0.06285614125861486,0.040663216832805514,0.14353279602655533,-0.017093431027317734,29
-0.30189113124948513,-0.189870017168491,0.16102644157180296,-0.018127744443954638,0.10418222952948808,0.23971097778918588,0.05211388764784056,30
-0.04343314568660098,-0.015900686175684284,0.10125053005571058,-0.1068911291281317,-0.043868429863461594,0.44443599560193014,0.105159921004169,31
0.2796176992257609,0.3155647990954735,0.05068360049919473,-0.06341061510688668,0.14043430278012714,0.13657951634418147,-0.005988440292253284,32
0.05195022325481999,-0.018896105208467226,-0.6861702030664761,-0.34269534235324917,-0.03327742020635408,-0.05408222518838052,-0.00905658920239434,33
0.15108122534277896,-0.13913701303671147,-0.10904173900637605,0.07775065233567303,-0.002887675289250428,0.0009591658868953572,-0.036089389634836565,34
-0.33468948125886155,-0.2394617816963262,-0.132836592905992,-0.09321958790487761,-0.005393387220523712,0.16062219711470938,-0.10762789928786805,35
0.07790164420280149,-0.05915261875630917,0.030195509890721544,-0.0525926992639662,-0.10401483669450767,0.20064509028368765,0.07134250844395039,36
-0.3838158257818488,0.2713258231674432,0.014906208441185051,-0.15721779026456667,0.1841861533344824,0.1218944741488311,-0.1395338478787779,37
0.025805622867765436,0.1729313562041825,-0.035185480802063754,-0.01666543260030935,-0.4434458334604978,-0.47817560425185174,-0.16288369009898152,38
0.11570570647304698,-0.05467715656097763,-0.15637771643675288,-0.2907386092517112,-0.12856206478479165,-0.19746053888797518,-0.21529968096696198,39
0.000995750975116609,-0.17391304651184036,0.03559699345888493,0.08220579003715997,0.041218341886757576,0.013418743712844891,0.04437977017908857,40
0.04554412190206898,-0.06969051852045703,0.18734599818169215,0.17930172321040783,-0.12842160921650375,-0.08828095723188487,-0.027840104731739552,41
0.18008863531442365,0.1429844603611054,0.04556364513484561,0.15958834308475817,0.31149690771298694,-0.37376929746697557,-0.05461103308059432,42
-0.28739794361237236,0.010127081184787409,-0.06278428815091887,0.22849135092428954,0.36939036082785004,0.2604103729475171,-0.17209118169599738,43
-0.16764322422263514,-0.07975148535292609,0.2611139302871116,0.20273386395316492,0.05925882634324157,-0.07171034972337606,-0.08411974056263699,44
-0.01703906812228167,0.047667271790713686,0.08561215932727073,-0.10716900655088152,-0.6309303627280393,-0.6336604914259,-0.15217098440767948,45
0.06797722369966863,0.05978715995221085,-0.025072142367096414,-0.2910116818475913,-0.01773163118402696,-0.07745315966419046,0.001979183057402817,46
0.23206765175373206,0.04037458432379932,0.060939067097452934,0.10158765089000539,-0.2041513570190625,-0.14228203419374283,0.012365293608080044,47
-0.11430066544938212,-0.014726940888692266,-0.05454906631962198,-0.196019514239933,-0.08608021458700175,0.03415773102805683,0.07724488331218544,48
-0.06307358023331783,-0.02100167505249949,-0.11925538709366218,-0.04945874127911023,0.05809464434538918,0.09738813572561857,0.040301569194339165,49
-0.06258543267996453,-0.15539406470277958,-0.08321375181702909,-0.09570798840571479,0.13356526543730593,0.06816956237986668,-0.03397720027733519,50
-0.20132141322497402,-0.027318581404259613,0.019743465386609357,0.029193363726770973,0.0074359886216856215,0.001444633673899444,0.04125054567796041,51
0.01873301069903236,0.03407152786408701,0.05236876180782633,0.037861372016734396,-0.09371008607380957,-0.08617381639217678,-0.097493186696751,52
0.09034655974838163,0.19324235026085765,-0.11395656598410564,-0.1648292915151211,0.07395503316688146,-0.25092931223388226,0.14749887979312212,53
-0.16244154091634871,-0.07116610886975736,0.03187553991268445,-0.07590756524301756,-0.06601647095721942,-0.17948783788616102,-0.24295496147350715,54
0.038832211636623135,-0.08137580184133175,-0.11708991977043023,0.10760956231220534,-0.02982008840864768,-0.1585925485779072,0.07903989506192695,55
-0.005443073425823175,0.08215620456074939,-0.009066173316108268,-0.0050319305514887405,-0.004489938473468823,-0.20210669872034542,-0.21270788537989796,56
-0.07312322975967075,-0.5279968904860217,0.05811380456214806,-0.09592130423855752,-0.0808110864363972,0.039340925543571305,0.20754753803092327,57
0.1674573328457522,0.05632386778316188,-0.17017610124711063,0.009054304520672001,0.03208819393655357,0.2390325964968901,0.07183004651726503,58
0.05653761833998181,0.09662403534705233,-0.34603681476895887,-0.2721651756368798,0.24473734923844429,0.023633075193083275,-0.11356825969484652,59
0.2999215745522511,0.191996497650398,-0.035372943975727496,0.17914476618900363,0.10930062093533575,0.1386943032885284,-0.0508863311411088,60
-0.07566873107536182,0.07818418419804164,0.1495248847303238,0.003517230199663532,0.08501302211518955,0.0902176886959276,-0.008049459699448326,61
0.019996690197135483,0.10765298329700096,-0.03285722047062557,0.02993610554783764,-0.05636877489014374,-0.13226753447539774,0.014451224792859716,62
-0.0505959232536383,0.019151526055157325,0.2139480179118332,-0.17100643784226469,-0.0003623412164123294,0.1641784929804856,0.0982145224808062,63
0.36078299721215956,-0.015213285807954224,-0.08077491842756573,0.07362624084653405,0.18540970981711963,0.10086842476422576,0.04546758374037299,64
-0.12765495095398877,-0.1959522198799823,0.10008170848572705,0.22659085201887952,-0.09902737089604863,-0.05071513456725057,0.024049570446229913,65
-0.16541117824272666,-0.32364945834654757,0.0003052723256281968,-0.06816856641498492,0.11492982793615587,0.14484856069343374,-0.008798950366848081,66
-0.04200233281325781,-0.1526942071358284,0.07258460816024505,0.025604550683716216,-0.033870262214540856,-0.25121895218228163,-0.10963029426362392,67
0.14585558521477865,-0.10073354700174468,-0.09758450508721102,-0.21258514658656721,0.22514242392034559,0.11391747327265829,-0.034049289509879455,68
-0.149169236651496,0.07960698853997741,0.53712023835623,0.04119612430333727,-0.048170001427912126,-0.3372378233594143,-0.2253246184058605,69
0.26315951827614764,0.15894657207916063,0.06831890599039481,0.01707748431174098,0.31116863997497546,0.03018317200340237,0.32711619159831135,70
0.008347864334697006,-0.04024643579795836,0.1077730129671688,-0.025981801389823908,0.2336479415640922,0.2674086923617663,0.0917953672503719,71
-0.06258580836852898,0.0013594301591772703,0.18956047053851421,0.30988884919690673,-0.021689818418601695,0.1992371014775608,0.06030408725755612,72
0.2791497523236744,0.1527355047434135,-0.07166341173637757,-0.17862607476603837,0.01862185171491441,-0.009255456977466832,0.11208268989967958,73
0.3688973899115015,-0.03351019404978467,0.33016622601631246,-0.00717313188672027,-0.0728270033908691,0.08045561771740792,0.7248384518038476,74
0.19496180915641526,0.15856359857572333,0.1216583995602099,-0.037933266611895236,-0.3168641960550682,-0.12474690454320017,0.25007379817501646,75
0.2224321737640579,-0.05625912697176622,-0.10193782610962183,-0.21756885046777047,0.056495526270066855,-0.12038788325810411,0.1319478176124985,76
-0.060076032153131786,-0.01998854851443546,0.23279004121292873,0.1330949870026808,0.16135644290601714,0.16152800897387665,0.14837160739538366,77
0.014815015356655373,0.05809308708377358,-0.019200951570922935,0.06873158179467322,-0.02733060232395662,-0.12427860684106677,0.05217970726824875,78
0.17570840473562507,0.0704819870132664,-0.12641182121354255,-0.02483975537384392,0.07390936543162344,-0.02105703694659969,0.0379280236687037,79
-0.12552756876758803,0.006834369294217706,0.07740668174662951,-0.034164308991681436,-0.19142392383025736,-0.22838473773488593,-0.23148687578747196,80
-0.05700434533575719,0.07699493808797928,-0.14986058911027286,-0.14175354868155673,0.046916865019065064,0.08507661976194839,0.022104288494886326,81
-0.11692641223777996,0.13037397059020228,0.123113979634424,-0.008283183786596197,-0.05722624797614023,-0.13785135375494867,-0.03415136954360415,82
0.04031356635852513,0.021850904299192182,0.1418071796560222,0.42244945687844626,0.011476473784285799,0.09179691072796534,-0.01764631143196741,83
-0.05763325808790251,-0.014580368703240365,-0.02495149410078392,0.015423456200940492,-0.11105681009171034,-0.05298875846450537,0.03253838151193732,84
-0.3279955935848202,0.10261378565680439,-0.33989737855372665,0.033471698345342686,0.06267933870824628,-0.21084917951499052,-1.0932245908993874,85
-0.09863666870664044,-0.022329651917188775,0.07460199462302274,-0.020991672991563695,-0.09434787183777389,0.037134826682699545,-0.002330418603923562,86
-0.06126156352990504,0.05020442253638605,-0.18720895231262846,-0.7079697814504,0.011442404436732216,0.05009655997274686,0.06330192727285786,87
-0.07484432893851214,-0.045208065111664426,-0.029063108805466406,-0.03065853365841591,-0.011417832467300684,0.02046398914697963,-0.0204600709757931,88
0.2282864372552363,0.7619401532201756,-0.11772322843720628,-0.11924627511975185,0.10708823481117294,0.05207914011657557,-0.0512922917340469,89
0.2654472524217547,0.05359285001507437,0.2759721264913878,0.4407826292281057,-0.14445888061975892,-0.0038102565317995538,0.2618714603618045,90
-0.19781291104517457,0.0032896258647791277,-0.08800419604489278,0.2157211492308721,-0.02861119197243398,-0.26823611856829493,-0.5981237042101862,91
0.08632889739535986,-0.025496045265478377,0.0687222110956632,0.39188768933460844,0.12292934964057103,0.12548204675476474,0.0029431685617780415,92
-0.21264905578970028,-0.10374050118064157,0.019720355954494576,-0.061901359693024904,-0.11691567991232646,-0.08859455790014698,0.06288177436709666,93
-0.04662727227308669,0.02301144808172217,-0.05091540224287265,-0.0037031332345397808,-0.004162422598343252,0.3967261661601236,0.03212268378667142,94
0.005599516318087881,-0.05332461743410761,-0.17439148274907382,0.12369201828225734,-0.2959920634934254,0.15822356776763036,-0.063598085240442,95
-0.24110052207260585,-0.1877160852565016,0.026752161370131276,-0.12525704004921054,0.05963661849288846,0.2991909900063388,-0.05408979415402813,96
0.06846304696744113,-0.003992292412097274,-0.1562529818309821,0.11231629457572158,-0.43834073675200846,-0.43568133678436805,0.1594960949875468,97
-0.4350404366185457,-0.27477870221449047,-0.2780310117858466,-0.22828659866522175,-0.32956236433730196,-0.30223758047255345,-0.11256762032964168,98
-0.0933234607916884,-0.05990584262402332,-0.07413326200696932,0.002767199131074344,-0.009033497419190682,-0.07368314955036354,-0.1295962092210163,99
0.2471527677357771,0.13737588247114385,0.0812717757450113,0.03429576601295019,0.0331316422705562,-0.001308170272237258,0.0293121168672902,100
-0.15349649752591557,0.07101173732059998,-0.007647541720521872,0.05330123524318079,0.05161860832723678,-0.3570630619243773,-0.28192202565206687,101
-0.03669553451521325,0.06667684355453292,-0.08205990311376711,0.10343037697364249,-0.06047113824905096,-0.1252863478651684,-0.057858233226484694,102
-0.033657800962311336,0.02516852048647152,0.008377068089005034,-0.02608704118006922,0.07530768022669802,0.08843800386674638,-0.05821333584631147,103
-0.0721732869526701,-0.06798765914574126,-0.02085922725887403,-0.048820182504126584,-0.23628990492492297,0.004634695046205811,0.10296018905353047,104
-0.12122034124923828,0.10438467260954343,-0.028613672867319043,-0.07010157023585709,0.026461846415925184,-0.1247693888651923,-0.31868254446145894,105
-0.10127076310041072,0.15511173204335485,0.10044080792033559,-0.03648088154282453,-0.12570078750308133,-0.03259296407630516,-0.07290555531627593,106
0.017873249289010355,-0.036523969054541396,-0.22139043513626405,-0.11293323385559584,0.08912140570295568,0.06860685791916565,0.018184907372292485,107
-0.060765710630284187,-0.0456085578172617,-0.011590124620722092,-0.14029845169401595,0.169713285473229,-0.07424561236694359,-0.2676309779680585,108
0.05936547894866288,0.02538667241164715,-0.047580648662899294,0.025044134251041163,0.12928336084205688,0.40609738653095573,0.1076684324319897,109
0.17966799237575642,0.09564412143803144,0.30971553982071987,0.055606977858390125,0.0005453431489316643,-0.31462241205482283,0.19138152840433473,110
-0.161799648277488,0.15819562282744848,-0.05814866148745894,-0.12861029495061294,0.003898614515011479,-0.03616607038271433,-0.10434811731662158,111
-0.20844002414476492,-0.17632638470028653,-0.00447493505255826,-0.0027975471169734145,0.0559526700207193,0.1435907722740911,-0.011446557321978221,112
0.011550215677128956,-0.04724483111781709,-0.6319572566308163,0.07201975233976099,-0.36143385047691123,-0.09004061928156423,0.004517619645366968,113
0.20262787024588277,-0.06705753375079872,-0.04543738327118885,-0.1965985178156785,0.12475542260625057,-0.6933496042910557,0.04935879569901913,114
0.19209537737667248,0.2421812551752468,-0.1074988428168912,-0.1348157639911188,0.8105575947983529,0.5009466047380872,0.09838989595641146,115
-0.16657753328933944,0.04425323031185626,0.43974626946291506,0.8088834539863271,0.01487757745335863,0.16056958914512381,0.1878753018270643,116
0.20567098292727834,0.21440644731743225,0.13240934176746655,0.07354171393501448,-0.03605812115516232,-0.11580217348569942,0.08195831970331247,117
0.0787942989085108,0.10722080569462218,-0.032964347604662214,-0.058075547879420514,0.0790134625494281,0.2987942647435128,0.07276971217066834,118
-0.057644393661564916,-0.09627575269270337,0.1846543570349123,0.2512984041253953,0.010999602836923306,-0.16496290819062293,0.22047999575984628,119
-0.20992886352300338,0.0024317604391585895,-0.02946890940378255,-0.08448418916252884,-0.041752254769613424,-0.11148381499651491,-0.04839858865607866,120
-0.2650291408268148,-0.17297216163228485,-0.14152430591844994,-0.13631089523040918,0.059233495140509455,0.07340712449270202,0.10118764472763915,121
-0.34673398408417444,0.027252068414058618,0.026632035362427833,-0.014092329540229293,0.12997605557768624,0.08433721850052327,-0.00852679182801103,122
0.09329827833184673,-0.009200842669908078,-0.016848495254049675,-0.20810825693715262,-0.02110294423584279,0.08788281196180557,0.09755849359988704,123
-0.05988501577979001,-0.05090532688435272,0.008717830328369598,-0.04345484523818224,0.04887123745120257,0.1587346360742063,0.004012639823880057,124
0.09287387934486088,-0.09815603770399586,0.2526089643682926,0.2592265431117775,-0.3050117491736499,-0.1194019412234231,0.000594511255770618,125
0.3096185745503969,0.035541784937256085,0.0780536014790284,-0.03749627670725458,-0.4760750439234306,-0.30783729940996396,0.1193817338932348,126
-0.22511580485890614,-0.2022581208117053,-0.00048531972481015407,-0.053284441328976306,0.14700941696570524,-0.03965030771020939,0.056826347298559815,127
0.07156475939914053,0.05332132352363578,-0.027215090358050073,0.2775635693597057,-0.060842060508462095,0.03134008232720362,-0.1381751955354986,128
0.0680970904695404,-0.11871560129208078,-0.11631386847868017,-0.16032744074170652,-0.013830343853621755,-0.04964562964730075,-0.007761045143931901,129
0.11894694140535396,0.09801395600124757,-0.023167105306877427,-0.001912983324783131,-0.09345035020335406,-0.12579176879842957,-0.06257451972620058,130
0.0037533146060678146,0.13949043888436033,-0.24195607671170263,-0.16232181541345414,0.08338755577878536,0.01269545634055852,0.1407398107914976,131
0.17111938399017101,-0.0133985811162576,-0.07138256469777363,0.1073352002884416,0.041655703278639905,0.2300363078194948,0.11146817138611126,132
-0.3278126032377965,-0.13169395209141269,-0.07484562748956305,0.10605270490949728,-0.04363713513122944,-0.003067498689173165,-0.11527385101372632,133
-0.11685639492651784,-0.07901952850246055,-0.17026265869333346,0.11726971046493834,0.11101578460515603,0.08805318090532512,-0.3645386909900854,134
0.20454749799673105,0.053849289431269556,0.07851200887297738,0.024049951234312444,-0.05817977646835013,-0.07924012159895479,0.055810182560154846,135
0.2413369708070222,0.22850360448121224,0.060630767631022826,-0.09166753629755978,-0.17513677586670212,-0.05868442091122683,0.10352949002738565,136
-0.04470915988259477,0.1860868284772217,-0.04322417631111115,0.12612079153155287,-0.09113214341513913,-0.1333006444664999,0.02984297644534959,137
0.32394765312755214,0.2987610934200361,-0.04908165496498702,0.1425137958681172,-0.026289262242735468,-0.023937353653635057,0.07642158511665689,138
-0.018475186458775245,0.005738282777524469,0.08149829842698228,-0.0833815450150377,0.03394041303230644,-0.048946806067804195,-0.10805638651542336,139
-0.15424997090293857,-0.2187620953425593,-0.23428657300945846,0.033011198484930254,-0.047660956795073796,-0.07992398806086262,-0.005620945790797216,140
0.16280187861151957,-0.061873272248030534,-0.09721171409979501,-0.03318953951455747,-0.06864515025177807,0.09681854862969076,0.10458643582122491,141
-0.005884189852829673,-0.03436430486510039,-0.03134206485850204,0.007092854421161504,-0.02764839593386628,-0.12298432552104946,-0.08600420175168279,142
-0.05907563332012862,-0.21323631432230936,-0.10125744569756603,0.12401993917479216,0.03127161846850537,-0.07874303779316735,-0.12531922219860703,143
-0.02114333624437484,-0.15064305905154682,-0.08819521500432556,0.06700122138871632,0.07552517883139874,-0.016591997000726014,-0.07822501747976883,144
0.07374497715652921,0.09488859824624307,0.1285272410697261,0.08779940626288518,0.0016787144844044926,-0.20472430382576212,-0.20389255424537991,145
-0.08583198093849694,-0.08327976443657018,-0.014756257242856695,0.04124312918166114,0.03949394886388311,-0.042277604611753276,0.006713440535131974,146
-0.36695358082010393,0.004870421077489798,0.122438060988359,0.15398252427265416,0.029893508288725404,0.0418405637716166,-0.4177532661829874,147
0.02593610092523143,-0.07675574521016705,-0.04913732334684899,0.04761440918246847,-0.1315733502485181,0.13406418763132644,0.22577018115330474,148
0.02063271168734941,-0.12271434617970184,-0.27321623446748977,-0.1978045625623693,-0.4778660514484827,-0.2209991606476042,-0.06979141711538182,149
0.01725339994457927,0.18635172403745254,-0.1042625739462869,-0.027617484868806802,0.25563601397326585,0.13523688042821633,-0.018779634533320697,150
-0.03420269639126554,-0.05483583585071862,-0.042572991354440926,0.2372402187384585,-0.2881030420358088,-0.2933912681652098,-0.012229773194182536,151
-0.04550714586910553,0.032211168901739494,-0.2897424453874169,-0.06335906330814975,-0.39664921733528313,-0.33377085077078555,-0.03596634199087037,152
-0.02270348340676305,-0.14707863222086545,-0.1995666735762165,-0.0974411254145006,-0.06067906998413364,0.24955340123895262,-0.026713163569849614,153
-0.06561488582422062,-0.21664544036869174,-0.15626526424652712,0.01577376387418663,0.01910094640032111,0.22010916364301614,-0.042615130568683594,154
0.14850254525171708,0.08085899149221062,0.17826921512994587,-0.003920121333150029,0.24826336902103996,0.31900924796128594,0.29226979073357423,155
0.03355977757533413,0.06329533759266556,-0.00442469545966756,0.15526206758616645,0.18574385462821394,0.1297918371033794,0.03942827894741344,156
-0.10665495965871774,0.06270294864804347,-0.04161508714495961,0.08123725312427878,0.012305648065716192,9.432890271387356e-05,-0.05117180587534375,157
-0.6498406698142237,0.019023641819288832,-0.05839225781208273,0.018653022637652165,0.04074007965512216,-0.06151333862200009,-0.0764771447357444,158
-0.10911215578542727,-0.15101097801321078,0.05413200714240866,-0.08919557105730987,0.30679498013126866,0.2928862683341844,0.1139350624869347,159
-0.11321271522405477,0.18235583402631753,0.08115511001873449,0.008085682332472949,-0.09417057876438034,-0.04980434162159189,-0.03448072704111842,160
0.02474531593813009,0.07973531397116174,0.10562234572006848,-0.11534455158051138,-0.031093969616768188,0.06531668081067912,0.14085818438013714,161
-0.03633496006117545,-0.1245845796229524,0.06846956959519374,0.03334322467241793,-0.12867828267906828,-0.50474772370312,-0.250956436558689,162
0.1526104819434716,0.3063631865117556,0.011863331536766261,0.12764861185214565,3.7104325927648297e-05,0.1508741194459172,0.1933011487894457,163
0.054122819217865374,-0.008158441572583778,-0.11685457042329711,0.0631991484648001,-0.06453688902009212,-0.2128952867762903,0.01997631670846567,164
0.1838554010678195,-0.09656642037614267,-0.0008943351867521775,0.0259142778195165,0.0176503468199366,-0.10258933482234972,-0.04408615995173828,165
0.23852676587215,0.06128616033716595,-0.17106278254309773,-0.02224152429189108,-0.07672481578906004,-0.016763641827216694,-4.473847351570285e-05,166
-0.28159755590008717,-0.031574777031167844,-0.10601441679732959,-0.05475823041073454,-0.14421125448354172,-0.2541301467083914,-0.06725036712245615,167
0.14387216143759785,0.1658317714546183,0.23542104161558225,-0.014864510792297739,0.08070778165028074,0.013607592091321993,-0.014088297118932802,168
-0.10769271661537637,0.03159313306836842,-0.06749833499015528,-0.25809174588403183,0.15764772281111364,0.362926042265722,0.060066858556142855,169
-0.381590090569671,0.17325909750655477,-0.12704948712244163,0.11886233412855356,0.47826287444706916,0.5715967955859718,0.009769804927029224,170
0.035843200254191174,-0.05089755862301305,0.09401015616589864,0.28905433426617744,-0.07626569192428927,-0.044485799218994995,-0.07633319613881084,171
-0.2071903397872743,0.10428366045211179,-0.08541158807180604,0.004407155314297251,0.02716768057915884,-0.10140773169818972,0.030155756954062224,172
-0.11265023746853828,0.039780713863014655,-0.20729762621003966,-0.11119653119779704,0.12530491122683948,0.19671019438521592,-0.15251285777647072,173
-0.22621968575226675,-0.041174576036025076,-0.12534446082775658,-0.013635265924107375,0.17025413066825743,0.0744822549762619,-0.19361746702021052,174
0.11920017606832864,-0.06396618682008667,-0.11142927383939213,-0.42608403275795514,0.23966387385514057,0.23488564122750807,0.09523119977487919,175
0.1914854461680869,0.05079796416260395,0.13175986450668675,-0.13038200772837272,0.017749328919065104,0.21940386823051058,0.6208756407026459,176
-0.039710252641886976,-0.03547294111139451,-0.20563784566501336,-0.0243124671333019,0.303468414887589,-0.16370816432226906,-0.11901997403028158,177
0.07512805748566818,0.12659101586268795,0.18645246699732418,0.19186034391165216,-0.1281608902399088,0.31624964939467676,-0.21180227447546388,178
0.025810047966269154,0.028269856976355416,0.06913375518165427,0.05774695741428107,0.09768138350874293,0.06742831040307767,0.011639871345176437,179
0.2861804850595337,0.2281487501440973,0.599062038693077,-0.11366814790716986,0.17092813892296854,0.5011618045886235,0.6520289507666515,180
0.12137399301453439,0.1061749138055998,0.09322842681762357,0.2900843512300544,0.0648242613055873,-0.1095422640321303,0.05832784493804502,181
0.1122886038834072,0.018955711009668412,0.15612156167291397,0.09717921484940963,0.36161750298466266,0.21008206322545722,0.09376679215488296,182
0.19720053073298138,0.01414142846722765,-0.33904336999787266,0.024734143567147593,0.15153004925135405,0.21745415966747006,-0.053289267277008334,183
0.11487932397847639,0.14906333444661474,-0.01397739413849905,0.06095050527716961,0.06451705153022687,0.20194160702148145,0.08163649248210664,184
0.04778697238786503,0.004719144786291242,-0.01525061747797293,0.08116288031302756,0.00531433612790414,0.1365102840560093,-0.05851918561405696,185
0.12487574337660973,0.027085256957829998,0.14516284557040512,0.037893761520609665,-0.16265194796367266,0.04630935104166903,0.04721978956069709,186
-0.2850100568741227,0.16732115440118994,-0.1653442958254373,-0.05847919066101677,-0.09227738820863778,-0.15655694456780708,-0.057710632131620254,187
0.1398039591492079,0.02359938103982495,-0.06757292402148617,-0.06379771367684961,0.055242844837597276,-0.026630378634374247,-0.042224901558264194,188
-0.37793544596737416,0.018963422995369964,-0.23729243914256176,-0.1968020208284525,0.002808206138925696,-0.12603803754606185,-0.3154090699834303,189
0.2984071468037269,-0.11033341840168573,-0.19790939817109426,-0.2575260302172624,0.03675235369053477,-0.13437289998950183,-0.017636925435888236,190
-0.2792933650210306,-0.16050641172461938,-0.00896204657560195,0.07937279591983219,0.02489468248204317,-0.12370421656318543,-0.2338229881577641,191
-0.19236633235262943,-0.09955703562920086,-0.05368499135391107,0.3157704028484774,0.014267462041650575,-0.005251740991449055,-0.011057549472157549,192
0.028424890652029116,0.0022150333303220804,-0.10432042376930786,-0.016700746653262655,0.10765408380625832,-0.011807944645230412,0.09214443216917016,193
0.014765097494962146,-0.0570286328823842,-0.22057471369776271,0.1552433542415976,-0.19071002119091757,-0.0627590111791016,-0.02337936367791759,194
-0.29314360478799006,-0.2284724768099939,0.011405875715647168,0.054363041588590386,0.5089870058587586,0.28671423502014326,-0.010480688035794255,195
0.024707338465512207,-0.16225457629846574,0.10303044184334934,0.1439303147382521,0.06130722759528129,0.24402774075758538,0.11735720195882654,196
0.08933424744240889,0.3478416495553026,-0.05109062776099241,0.04292980177401363,-0.12330300663061122,-0.3026054587402712,-0.05083541190170626,197
-0.09218131345527383,-0.026586106959164874,-0.06405997989699891,-0.0876449593604286,0.31044121278707903,0.2786782540753433,-0.25371789512796544,198
0.08512773933809006,0.0798787737009308,-0.11621164114282417,-0.010749751775427613,0.2802716249904644,0.06017596023069008,-0.31237788263176114,199
0.11455487893081785,-0.008557676661751872,0.05911524965338138,0.2338492633320586,-0.12066031840169895,-0.1452041425951404,-0.1342100425435383,200
0.1406014490616012,-0.28950718179760665,-0.0008771736747143939,-0.08737466936718018,-0.19048839168654216,-0.43581341621726355,0.0037796957964896963,201
-0.038107412683480835,0.22956078673385596,-0.4912147550801027,-0.1393636748559931,-0.10215029040057488,0.03652744722956021,-0.06117854562765951,202
0.05253461573185761,-0.23722220834350696,0.10615835605691133,0.1345858218089586,-0.03852477296528267,-0.05481601994645576,0.10047084009862128,203
-0.10461631475562666,0.04571688887706413,0.01746787371746982,0.01399164224902779,-0.10539580804387208,-0.09242326403008178,0.07511396192482739,204
-0.07092659694207123,0.02406011777091433,-0.21876831155369825,-0.20521516544241425,-0.011868125835480997,-0.07171468079409493,-0.02634450787923281,205
0.19069153781093687,-0.05127382039036641,0.1789129539655832,-0.013921935663873133,-0.011652223498642594,0.11040899459103926,0.09127537428611089,206
0.003973393845167959,0.16027469518582602,0.140545764693305,-0.041708248031205916,-0.1422720466977825,0.3122654697764405,-0.06975025383790912,207
-0.24561749847666395,-0.35147447333471404,0.14370516537156272,0.13257260703824136,-0.044877765319707864,-0.07088162491342036,-0.005464049905619575,208
0.06361793758527033,0.08078438178215856,-0.36458251861076457,-0.0648287596922443,-0.08824106243756932,0.0557564103149959,0.015442371476313,209
0.13345834258123324,0.026715651769333937,0.0008123611292562352,-0.09764385424369554,-0.09337796579919395,-0.13718703014899697,0.2431791919389352,210
-0.06401478824483561,-0.04611751226845098,-0.04668498974153129,0.027803439822186953,-0.07927401057224276,0.07924058695176517,0.05706326599727329,211
-0.38705737013045577,-0.09812969418745593,0.06333590497922276,-0.011452289202542942,-0.2464725510187573,-0.2187386422162255,-0.026650735676099213,212
0.6167531950731728,0.13883270830767408,-0.0026330034140724934,-0.08935794068499253,-0.18571756302328546,-0.05545135026757131,0.6039375828944419,213
0.05958685065472796,-0.07671738802859514,0.1681977498243285,-0.10381873919132734,-0.06714050058463113,-0.03201968275166159,-0.12143894963618787,214
-0.05980515344659241,-0.07217696907134696,-0.026647220682150974,0.41967309478986087,-0.6003863202495093,-0.5963979169022031,-0.15219896425693125,215
-0.024989352460269565,-0.04696831699115462,-0.01737130091966381,-0.08022519999189734,-0.2090378970224292,-0.3563963316770188,-0.20877142587076372,216
-0.21079161975395794,0.15350823861780669,-0.1466978476848883,-0.05224813295599082,-0.11051875999990049,-0.2749581223417131,-0.15535096783146352,217
0.07606121375955864,-0.1962850707282602,0.1633648504256857,0.7670393769931324,-0.033324410509697526,0.12859513122758728,0.012556247569987753,218
0.05475590881160128,0.059038448976881513,0.032961615447135106,-0.0009776333513504543,0.057582208095250734,0.05967441183847763,0.1452321025173965,219
-0.0460637357424361,-0.15919890654659516,0.1660375340175916,0.39448749594989035,0.16096994714565557,0.20566429590817015,0.027435786221902583,220
0.07048393092114216,0.1412503374967568,0.04976364621158879,-0.07162006370290551,-0.01211995838470483,0.11707442618785388,0.15891294463144545,221
-0.06744533862663528,-0.058249514144777435,-0.07619255664340377,-0.02081609903318847,-0.2282201264586865,-0.2637979348071941,-0.21296513760464855,222
-0.015919343575251793,-0.08678086078462485,-0.02015475961506215,-0.22004607343872876,0.03775290374851371,-0.05140101956800952,-0.14138732251356115,223
0.11351931435478375,0.20874138195915154,-0.0027730175701893567,0.01855435650732429,0.03219154266076722,-0.14744207790877162,-0.11073742263338784,224
0.26591758325628917,0.20981442168502792,0.04841177627545455,0.09684784111182537,0.0457945150658096,0.20309956378116573,0.13978137487928918,225
0.19972232055113998,-0.003772695839868438,0.10926581385198247,-0.019619476233940336,-0.13475183859513878,0.03757426957435526,0.2455963951203072,226
-0.414188279633041,-0.10069787022084489,-0.006238870721586855,0.05687125070679651,0.10993716386481951,0.24042947436759798,-0.03412237231169206,227
-0.2603988637240511,0.07657048421515136,0.07152177366826246,0.19181956360541697,0.0584242095801579,-0.034191177325037174,-0.18437192990973764,228
0.11116938939612789,0.0021606363831863373,-0.5698079410037982,-0.1498439614756892,-0.013637031673828874,0.005403188658455888,0.057146977557167,229
-0.25530272973528334,-0.38322689494223083,-0.0926619189909326,-0.31298361043411527,0.19768058746391243,0.13722037414594954,-0.0782034378276382,230
0.10703752522919074,-0.09617135320717832,0.10967884274583889,0.12798725174013195,0.13998995072565293,0.34072507257208506,0.35521119457427897,231
-0.08436627657325138,0.022672880394858166,-0.11614434718866085,-0.3320904817083392,-0.042265389135023354,-0.21370610891025332,-0.26039015941244187,232
0.14235057469029877,-0.07424220320179561,0.0923135676694722,0.1616342168585282,-0.09176390744982124,-0.12850179919300608,0.1149854996164631,233
0.2949020014380789,-0.0012539565039931568,-0.18232344543446957,-0.15152156875922929,-0.0034568664260331834,0.029640262931761537,0.12939784985623484,234
-0.0303634074109725,-0.18508547150279642,0.08350561427119833,0.020460230991022878,-0.22581912715995522,-0.5537117243412171,0.062033966977901214,235
0.2355887498500164,0.09002119999122957,-0.24899306582715652,-0.2928775521875745,0.08604878338040003,0.14388189599475362,0.0181094513648347,236
0.2014509802245963,-0.005129091178802614,-0.016739146155181194,-0.03539623079260479,-0.03816060761210904,0.1392384876455036,0.004869769006201616,237
0.0018428321455660757,-0.11359927152971468,0.018711889645184922,0.04195627424185558,-0.09667680673018963,-0.22254305452785744,-0.08828409650769364,238
0.21317667314324812,0.00576680362067446,-0.02417233108604838,-0.07279654555770705,0.07952967053552472,0.08700384814743103,0.18152795925772403,239
-0.17702399367951643,0.012370085933450294,-0.20124651338229094,-0.016411165559789016,0.07255088366934341,0.14653718077457933,-0.14659194415421797,240
-0.2556184148503861,-0.09612832283933556,0.026350227684524524,0.0019176155396111588,-0.04786325037534294,-0.5847156053560467,-0.5394667597668539,241
-0.05563243170470223,-0.008986788796527338,-0.12493453618916199,-0.02891579373146655,-0.04695709850256269,0.09531621107871506,-0.01566428567351082,242
-0.11940430657258937,-0.18099711337715174,0.004494716141870815,0.030225187407929163,-0.03123967085652282,-0.13326681474010957,-0.06305297958660115,243
-0.011406939529177013,-0.04194838619736175,-0.02434638589884683,-0.09359197175208944,0.06716792788066955,-0.040641739024488234,-0.17490456054470468,244
-0.2944784281344972,0.014381060055725483,-0.02165882258536003,-0.13686700059477994,0.2957140104149289,0.23002060320330525,0.07717102788015344,245
-0.2776992926932328,-0.04533083789058949,-0.15082039936819447,0.01567249451119171,-0.18923394003733904,-0.3063471698877767,-0.3617125642111772,246
-0.08510069438365976,-0.18521791502236076,-0.0899554242651832,-0.08324052269290143,0.31901143272533766,0.3155177817426066,0.06100175430539211,247
0.15639645172424868,0.02469125555395699,0.06637514515492274,-0.04748288451182342,-0.16778239205569603,-0.025015677142617584,0.16057697588592457,248
-0.03728267720837263,0.009211117177438489,0.13954527159551564,-0.19417820758150428,-0.03730036718703587,0.04943950966679515,0.02301269376295522,249
0.05732456987952037,0.021485912933609266,-0.02129049726435052,-0.015829074316775042,-0.04246078574628282,-0.0969941593124316,0.0063080511605430505,250
0.0954065930336486,-0.014844797562872743,0.2709223331769718,0.36159130736811634,-0.0268859158992811,0.09101130877034103,0.14472928484847014,251
-0.1221279215186896,-0.03230543381832354,-0.14212481484825737,0.08256124365272118,0.110279366555171,0.09106508095641122,-0.00965880437078833,252
-0.9441512611308357,-0.18830633487846912,0.06018905039325246,0.12275429209775005,0.018241811533864068,0.34283084558239735,-0.06706974433188899,253
-0.06717851382313418,0.012428783019350447,0.09711643646753912,-0.04719707741525363,-0.2608902578690976,-0.12648096546526522,-0.08470968045803243,254
-0.06352001994066989,0.027084149671606484,-0.23984430104154278,-0.12999106100510255,0.16834116512610464,-0.0340372366303696,-0.17799814409481562,255
0.14259718198636434,-0.07631408707446932,-0.14275144017845817,-0.19190423504207482,-0.08428439448286573,-0.010704040048114982,0.02716905347248959,256
-0.09217712325257382,-0.1601395903338959,0.27567942305519433,-0.05177056458153853,-0.5249145866987809,-0.5988574273777872,-0.061525112878227345,257
0.08580370040488476,0.07378764457576129,-0.07210621684121235,-0.1577274736614423,0.03657755623691305,0.06963576293923349,-0.11041417376270085,258
-0.15659102576263723,0.0757049359118194,0.22336873953160294,0.3957897455640003,-0.014332086063947687,-0.1305087211415199,-0.31067628588203844,259
0.008640271513383962,0.008768661244731725,-0.19043876941499485,-0.09907035289256,0.0321142795224143,0.7792099796505315,0.03096570372178233,260
-0.22960697175598435,-0.09514199283462128,-0.7328139109158563,0.055779309819096824,-0.26149321437465495,-0.27522034869363765,0.03221542026624767,261
0.07534678455941707,-0.21285290599693998,0.01332004311137049,0.02839830780232637,0.04258522072303636,0.014855774667334004,-0.06306311187951885,262
0.19263373385134813,0.16377144207480177,0.2784525845036528,0.13183816660378497,-0.03204255938096199,-0.03416130769576421,0.22448243734514844,263
-0.036449167852003916,0.21099731399110522,-0.16014960511800874,-0.06079849328989292,-0.34311124192975967,-0.3402750099200531,0.0665518302537861,264
-0.039839285817680946,-0.10106778292904545,0.10954686413182767,0.18045414836883572,-0.10585283734675673,-0.22435035327070108,-0.06666004564173779,265
0.18613733465030569,3.5146992645070096e-05,0.07037061076688879,-0.24511030796712188,0.06262191675442667,0.05210515369907587,0.3118524271325493,266
-0.024892617246538136,0.17971560749580803,-0.2338841442003199,-0.03422234248868761,-0.033188452138461534,-0.002968344838280651,-0.10386176734124529,267
-0.08677931565179664,-0.10144067466383729,-0.07458945307844864,-0.05331932546839077,0.07536077875249668,0.35850610386412624,-0.05667146971887969,268
-0.09147308861754681,-0.18137465104662015,-0.02776436927069889,0.22169076262981885,-0.2078358912802136,-0.17758963190828062,-0.03141431264676899,269
0.09430211929442284,-0.33025113402942463,-0.13254050458507427,-0.09308011290967527,0.09160173025834094,0.2524196210662975,0.0944911133440276,270
-0.41773313801664286,-0.8434961557594661,0.3170519977719022,0.0246225390809097,0.010884907544527408,-0.15448496181598353,0.00035035969492290726,271
-0.14912134628698273,-0.07845416463001051,-0.10087027124340715,-0.10220901007729263,-0.1274613327711761,-0.36662221290036656,-0.015273025097339367,272
-0.16876182525591507,-0.015887732061315392,0.029253406641825828,-0.10280965087764926,-0.1334678205306305,0.014795999078761446,0.08234913419153567,273
0.09778031376002769,-0.005888389772646961,0.03672717975317603,-0.105138289789759,-0.003142143424418427,0.008478882772044755,0.029780313833615447,274
-0.0568560648832473,-0.04342395422074386,-0.6952774044449934,-0.07842346137308234,0.08856158553521383,-0.16503350206972173,-0.10528282151801308,275
-0.7654244021726261,-0.3793001793179647,-0.2755050888107894,0.2702635191593369,0.043183424787137874,-0.40005786461747556,-1.1656150994139436,276
-0.18845673619186645,-0.07131178170957869,-0.02145443262113408,0.0426294289242268,0.41500758973408963,0.21384842385851394,-0.04943518852802758,277
0.18586944246788822,-0.0411743626277072,0.1691213297622143,-0.03531879842787176,-0.14235765861967797,0.14910148407676566,0.15252044439585027,278
0.28729971564269785,0.13717265539165235,-0.1680720863580507,-0.2092776127259125,0.009940191111877236,-0.005325215044476814,-0.02817972183697481,279
0.1196747922292421,-0.012118860662371563,-0.10642571906768103,-0.13055289438294412,0.019224119983364155,-0.04034165272082309,0.05352759547391104,280
0.18754040988571122,0.12603746511269465,-0.08584361019491824,-0.4009832014675662,0.08628435950792562,0.21671836107088824,0.0603729506833134,281
-0.021888511084809048,-0.056717536449286524,0.03249234504840373,0.05269210274856029,-0.008500372664927818,-0.037035604613773164,-0.006272783165163786,282
0.25698470596096334,0.07634944398344107,0.03750802356778417,-0.08920645055843962,0.03639890504335864,0.025174928202544578,0.08086445803237699,283
-0.07712867376724314,-0.02289302325490738,0.19820357272092376,0.03388317153521615,0.0020823640288506287,0.151298016075391,-0.1169756721023798,284
-0.016982691341571904,-0.08871461791596807,-0.16534916143748724,-0.06261380967769607,-0.0963389743170365,0.0646618481567573,-0.09053588431126974,285
0.03788522422804241,-0.019232845042221877,-0.10365951238299172,-0.06680300066399211,0.009018028041328034,0.3429886560388553,-0.04391050741494394,286
-0.10408776525238068,0.05054965866446219,0.08971754842832974,0.05642048160805198,-0.06880531070426692,-0.03864051497059243,0.11450528904314444,287
-0.29351497445636393,-0.2633626684793348,-0.08240407218983367,-0.04303184862590004,0.03818454402807215,-0.14873805810287216,-0.17079065001529878,288
-0.007014817516923295,-0.02819569725380502,-0.32525456079249465,-0.05430159694433691,0.1557038920946552,0.10595387266589301,-0.07266858727605138,289
-0.05845636519680361,-0.16641847169816015,0.06305095092700042,-0.1630209332471807,0.0024702179179912674,0.2009887674313567,-0.01217721533698762,290
2.2205336128829845,-0.18108675405308394,-0.041914219080230714,-0.025813058978505235,0.049534944946710104,-0.009783533598906876,-0.17083144860363933,291
0.23363190908651815,0.009540651337198528,-0.13129242625793783,0.16154236374225892,-0.20147241277282718,-0.382771862813874,-0.08916102337816396,292
-0.07982874369682152,-0.22771088751779714,0.1103276406467152,0.6024659229608439,-0.17682594775531293,-0.1381466813336871,-0.05680667909244322,293
-0.2892013364299829,0.2896604677707871,-0.17771115242361846,-0.010958278756190664,-0.08964855268371232,-0.2335493324883881,-0.15528149954448944,294
0.15130251904658437,0.14043542295087497,-0.2784846143359596,-0.3519777946570066,-0.3830212881177384,-0.2307544875066281,0.15184061234290774,295
0.04416726894710334,0.157556106039757,-0.10332154749050834,-0.22595984516215836,0.30902039025725925,0.25473163318783176,-0.043217798485386955,296
0.14276449965185042,0.10533590723884945,-0.038307160118665536,-0.18520458684929508,0.0467848945707921,-0.1369334390167885,-0.02347509168187265,297
0.19152191699464388,0.06804599052019973,-0.10950600389015826,-0.01535780813599786,0.03964437689838747,-0.3467174730679298,0.015308445847936836,298
0.07919026115474964,-0.04366249531412662,0.35472824949358306,0.0566453197235696,0.04919267100879149,0.0877450885463315,-0.014846322093947893,299
0.09433914786308792,0.1729770769500706,0.02346708441720388,0.08169558746932076,0.24093868711037408,0.20987438689587773,-0.09059232962640944,300
-0.04059984049052526,0.11095562342971256,-0.14345796088476445,0.07487681287156402,-0.2856594491779311,-0.29656133643269156,-0.12066187380899795,301
0.1745231565858964,0.06631915997188359,0.24899103078130588,-0.07658358655360548,-0.30080226383802894,-0.42461680654631206,-0.15672958219027244,302
0.07707778455758381,0.14106932234893366,0.012805849128739931,-0.08511917077260976,-0.25342668975946725,-0.03484185899589266,0.1924754629081042,303
0.07245117852539416,0.14559851068835564,-0.03873014744179655,-0.13724900354707842,-0.06118374659927919,-0.07589001809450427,0.01723755023014969,304
-0.09374534719964796,-0.10189666783095558,0.06600183326846129,0.13123210555610243,-0.2065960092684731,-0.12887718785969,0.04049365643655208,305
0.054068171577541305,0.0981210052527501,0.09592831187178388,0.08815255580288392,-0.11019463211802825,-0.20065881123646928,0.08865900669167259,306
-0.14676697913488004,-0.012909106258990746,-0.12249764012825105,-0.06863491721761066,-0.03465892970726061,0.003496629539078658,-0.10545532221538541,307
0.2571792578232328,-0.3107400155545643,0.19913521103568602,-0.19985079638534542,-0.0014099450881114098,0.20619615193238675,0.345928537312803,308
0.13031686192466538,0.12738313219483952,-0.11799714898823778,-0.02573764784239381,-0.48896020250472483,-0.15271241228305632,0.3108496870690815,309
0.17311098272773245,0.38863425846593086,0.13522609915305395,-0.16887534237326507,0.02979246160798923,-0.0034496197910107718,0.22501424817137317,310
0.07228654553649874,-0.165394972475107,-0.04382038246095511,-0.07489742236836644,0.0067456597149316636,0.05751299323950486,0.31088599098270375,311
-0.307669375418261,-0.05313567231020956,0.1597506819015405,0.11693604779463403,-0.054339901635373,-0.14427251544073155,-0.027117470636764996,312
0.1240985496002944,0.05221618792982584,-0.1350997325187232,-0.1666128184970796,0.08694454031236534,0.20457084724299535,0.21312443630805245,313
-0.06172241093014709,0.032037690862054026,-0.1899762058803563,-0.12306370417970508,0.08188594476002446,0.04968000190840681,0.12571344580662613,314
0.09688238701791606,-0.0202869052532815,-0.012059740734133698,0.018409948178496484,0.09620863092049274,0.14173870264254199,0.13839617017338707,315
-0.09684558896996526,-0.1890596223442684,0.24276303793777543,0.19935742637996787,-0.2055952397550448,-0.1787082792192135,0.12075291140825864,316
0.14870114454929334,0.11909705118807085,-0.04749556717379485,0.08818641152825293,0.15406396357776966,0.10104072286266252,-0.06958145169934425,317
0.14364327404205904,0.1445312463525402,-0.051851502349789004,-0.03026946069275594,-0.006341466669545669,0.20894878057477648,-0.01262289951723859,318
0.02577222407421563,-0.05429732554046675,0.3617954620261905,-0.04879954990939715,0.14933901314597112,0.15207715683938372,-0.18194826672667672,319
-0.24770931440458074,0.07510030356264494,0.3602174952286487,0.016128169070549925,-0.062010994434583716,-0.14354042451122848,0.06977702382095756,320
-0.05606051728121547,0.034793555949641994,-0.17638685535329085,0.045608791715281524,0.12091054203449447,0.08501702026636074,-0.024031275715429075,321
-0.217562571073539,0.011895050283984,0.05213142954401816,0.04938503991095939,-0.05014561513429298,-0.5545710774103754,-0.09118755468619451,322
0.08264040673424591,-0.01720417160535338,0.4806105292927218,0.09818805321560681,-0.05822802133305637,-0.11865723758421695,0.25505459331954955,323
-0.0652215665707801,0.2237786541670732,-0.17828674955382856,-0.09234229547435721,0.08484856335658063,-0.1490525956340107,-0.1598001754540142,324
0.21519407950700736,0.2898405673004723,0.06595716080269598,-0.014632583328807645,-0.08871493233537701,0.03915055495501732,0.08103541371893869,325
-0.027114841615454348,-0.07509307620955386,0.1307182766285122,-0.03782675398686479,-0.08029558375674069,-0.129905969822592,0.023807649782868492,326
-0.008778151194805454,-0.0016717692852874153,0.3117419455565006,-0.009512565513525074,0.05653685312551937,0.09206725427053401,-0.024451537443171106,327
-0.133697448690199,0.016748504105564596,0.08954913401190456,0.15989336683259284,0.1230357148769029,0.034655506315108955,-0.16994869574431754,328
-0.014436888351304529,0.10500137892285287,0.13729078243147078,0.3433420329652622,-0.13303727205729501,0.13750838430042386,-0.14188650273476236,329
0.0713322534402688,0.0931737750148549,-0.15065892792112798,-0.09283838094515638,-0.08852693076804208,-0.6014667138108267,-0.12464626441234715,330
0.03599983154735413,-0.1875423197371721,-0.07867507938321441,-0.1145411798542918,0.07801136321105377,0.0022949743023203684,-0.00011138185812507734,331
0.019347608493334598,-0.0039884427362139215,-0.009664652285741746,-0.09099553911891796,0.02427889526967031,0.04437586692820625,-0.06670211160903945,332
-0.028393728426394173,-0.04880652735968783,-0.23979548354954353,-0.04092250633958741,0.03629760282487948,0.08783494257349392,0.05613889636370948,333
-0.07899656303969488,-0.04464886115203344,0.10346461947738654,-0.11080511738047544,-0.1350815577147462,-0.08676943259603881,0.03856337219726886,334
0.10064323939856336,0.10792827342130898,-0.17538614738991481,-0.07935320789748193,-0.1289824783082249,-0.3631584119114358,0.08101955146472589,335
0.12703395948607848,-0.13263129811058458,0.11527830002513559,-0.2071679019427523,-0.046183528270553546,0.06868066077914028,0.14333272693090884,336
-0.043132969365697896,0.15806564630998227,0.13068695087494178,0.09832425154655984,-0.3172613796009361,-0.0069836911772100385,0.017031470326360373,337
0.11316856330571501,0.18784062567288717,-0.3569759308377074,-0.32520861517452126,-0.08664760537420564,-0.09519656563326179,-0.025550718258461613,338
0.1518847634213685,0.11082666036346633,-0.018073648057730242,-0.01869556642658542,0.1693759682086725,0.38767787535946685,-0.03755777430904319,339
-0.10393633605134708,-0.021774574703663244,0.11458081050480914,-0.04907973280647357,0.2109753270950525,-0.09042328584554823,-0.013249833847331364,340
0.023361135462137195,-0.1417042065015902,-0.7735441161751753,0.024145995067810802,-0.20277544661559813,-0.6573053049100052,-0.06495540875575916,341
-0.4642372309526257,0.1239107478778406,-0.08267201715853065,-0.08838176652850077,-0.024339686023288606,0.03076776858138991,0.08610730508577731,342
-0.09402714880410032,-0.12096569411818885,0.0361195006671511,0.22748957653475316,-0.038524007558541136,-0.14613468034209248,0.18931054665431607,343
-0.008461527750432796,0.24023611487915383,-0.004168460476326075,-0.35740362413947635,-0.13110745068090682,-0.25291199030879574,-0.24868683560237434,344
-0.07932821532069244,0.02039424029123533,0.047487946138621964,-0.13798607217366926,-0.13416066091408793,-0.24495180307612965,-0.037006198954806585,345
-0.02449384089757567,0.02928035880525643,0.01273997208657323,-0.09424806075843373,-0.15784130671070076,-0.08281382421192791,-0.04913554908095232,346
-0.05940222482041513,-0.04770290801473995,-0.0436165464911165,0.004162907450866352,-0.1338681738207166,-0.13201502655728503,-0.010663826341641501,347
0.017636982004176092,-0.057673495523423025,0.28322268164821296,0.6097522374439233,0.06778973618755364,-0.3313030126527954,-0.04154323768270189,348
0.01904505574605249,0.1991064789769434,0.008553117982534972,-0.06253010396854378,-0.055164361683347055,-0.1630078140475324,0.019252630714131625,349
0.13373995654832901,-0.040554082128432346,-0.07039624083014787,0.05724812083849611,-0.04448495784759018,0.06804610355572233,-0.0026138125765527093,350
0.09387473412347067,-0.10378198624073512,0.09754533294906728,0.2849833503698824,-0.014512077463181065,0.08514744307969507,0.09842772809192775,351
0.004568880356022775,0.07226740139521257,-0.0354521282604501,0.014226023919984603,-0.062190785501213146,-0.13109588759570834,-0.11378229509868061,352
-0.043724628444529665,0.08700510229597831,-0.21671202719746702,-0.29160549949453185,0.13189651505089575,0.1605007398830207,-0.14570512586300707,353
0.1133473967550918,0.22381982428437563,0.05950065451035692,-0.1631494323954074,0.16597577215946624,0.18906730610874636,0.04475605985254397,354
0.012267880139352094,0.24595926738965207,0.19137799839555486,0.08226208328809334,-0.06022771270924531,-0.07800818987702576,-0.12675799134092267,355
0.036535767231244784,0.24083916886062834,-0.17163317999712174,0.007311770948017132,-0.23380785872677703,-0.3924496419879363,-0.2354977440673907,356
0.6171004807373471,0.19904595407105924,-0.05791123689480698,-0.1384931050295576,-0.0985399261479701,0.010197448869662423,0.008228853055676414,357
-0.17934460794150459,-0.12015354443950253,0.37107928622705344,-0.044053364218262836,0.0471833168233071,0.020530984136435955,-0.20172652912094519,358
-0.022135094229831592,0.14302935181810245,0.05848207391999055,0.3954871343801937,-0.03311452116645542,-0.061859756318150855,-0.047330616381172225,359
-0.05455208010775628,-0.031611241250398305,-0.09747763229141909,-0.33490884749356686,0.017652180201868446,0.32896239207068784,0.05361179472083516,360
-0.008712570047256757,0.11574532177852911,0.0029350127933780723,-0.09142742259214402,-0.08297033580457522,-0.21748442262131373,-0.3705201266897533,361
0.7076872163551624,-0.12672725239132407,0.014397403660986562,0.08226210444079458,0.020516937416118552,0.05549295360463565,-0.02576655863051034,362
-0.273854990555501,-0.13060107034893945,-0.18786400907623746,-0.5348927780968148,0.08898122856245601,0.08731425821030428,-0.06701575523739121,363
-0.02726565905910798,-0.03578312475900304,-0.07205094013823256,-0.005806452561278569,-0.07688358198437764,-0.09849239877767779,-0.02781596381906657,364
0.21735285794210135,0.06907096005928476,-0.04167839954543175,-0.0944020773709241,0.08532757553128217,0.058586671528921316,-0.024642036722813548,365
-0.10425988743114709,-0.13126916472863281,-0.09607912388525569,-0.06190993367087378,0.1660781065198816,0.11160543785360388,-0.04067198413124954,366
0.22612527298094975,0.14499815490425128,0.10553496082022633,0.09422046043044274,0.3819294258996862,0.3893430455156508,0.23131279586040854,367
0.03488105953135533,-0.020509816390033922,0.17193709318643285,0.003131680784004831,-0.0690293897996099,-0.23347911104601102,0.008233640710008497,368
-0.211634825213654,-0.004022590761205147,-0.06610787047537264,0.09423927143491831,0.056322690748621645,-0.06137775467629152,-0.168471439085531,369
-0.15300517471608385,-0.006893282053923935,0.015603825265779803,-0.01963581727820099,0.03241664686612607,0.49950262609921053,-0.031053362426445026,370
0.033001126126294966,-0.008918562535968351,0.004990794437965448,-0.17662213407408145,-0.09597422485637588,-0.013639749844448212,-0.19401976954789169,371
0.2377050010111142,-0.05206846987896377,-0.3393352568904145,-0.06276360831797997,0.03101737961954336,0.04335081625427097,0.14519458016849165,372
0.07972469163588938,-0.14786696982545983,0.13572647212827244,0.09365706630875278,-0.14719136161047705,-0.3599473849698952,0.06312298928313877,373
-0.10071020911910648,0.01801218325032338,-0.07608447616405933,-0.11642937659157723,0.19381121022288939,0.19605641925004216,-0.04780285953508486,374
0.07958012750413825,-0.09323314042498632,-0.4446081980714016,0.00816360160242828,-0.19220712664041367,-0.12139932291584392,0.06721975773205285,375
-0.23433344105466725,-0.25881548565674084,-0.5096901518432263,-1.2118481474192608,0.05863464701908821,0.028670747621742158,-0.09797922434354507,376
-0.0844520346985054,-0.6356481080324836,-0.018734234001849738,-0.2066283573232696,-0.042213064402407685,0.04185893492309821,0.004538453997688228,377
0.026048245924671087,-0.10944448016584146,-0.08156566616229577,-0.11141675427901737,0.1446921348765019,-0.052336773500853806,-0.13565022669893617,378
0.2874424682571243,0.14713478969332128,-0.427454844702253,-0.19934991245659447,0.035888852219000095,0.2127181196767014,-0.006486548553440119,379
0.04129837360692294,0.016009034609572953,-0.017246482648952455,-0.1907262275473277,-0.21998156733616564,-0.25684860790501435,-0.08463466736401414,380
-0.22909027179447664,-0.49417270367861726,-0.013802931600671267,0.2421437280901088,-0.15744858824985128,-0.19431261643007178,0.006666391180986654,381
0.06535063396750443,-0.06969380937104251,-0.1015172202465493,-0.09268320996046861,-0.055819769884002925,-0.6282368712870912,0.009190253886961253,382
-0.017351639968820665,-0.26744068379948754,-0.22584439050757996,0.07188438979028508,0.13121432289392926,-0.16990277678913351,-0.3315290439805126,383
0.034980808053140286,-0.10044177306745719,-0.0619961036928514,0.13330282513801478,0.07799882931796143,0.008483873576405357,0.06304868532970279,384
0.08068542844595371,0.2567004879912267,-0.14749357929127993,-0.03080187312735692,-0.017542445006451718,0.10449414315591711,-0.15827563391639352,385
0.13897906969691132,0.08958185503729967,0.02678210219789451,0.188195563216885,0.01862837695477664,-0.07335852590960593,0.03919504121808953,386
-0.021111015814329424,-0.03775443389437237,0.06718022906797279,0.271605821418513,-0.06170252134308238,-0.09329907223771594,0.036588246496168174,387
0.15402858793825056,0.027209698237399785,0.09834675084555991,0.45148563503055394,-0.10549488537919194,-0.017020662479455398,-0.0019156608235624114,388
0.03333507277244868,0.012989940812400024,-0.09996712739096872,-0.1112905836781025,-0.03197969302018638,0.17469728692003295,0.02353565922128909,389
-0.1944564933080621,-0.07837090566376563,-0.13797622550556418,-0.11906967729340344,-0.04469080626355626,-0.15296107322640232,-0.16128876708276424,390
0.14686357163250735,-0.10986036868577564,0.2362885009289881,0.22730151766500595,-0.04568709804639643,0.22171756757247532,0.2842580710352816,391
-0.15352321163049115,0.039774789133541426,0.07735869670838269,-0.20086577278836337,-0.02676009493365506,0.013158676153138385,-0.09316713749377331,392
-0.036961916263103675,0.04716513245221371,0.019208488733480057,0.10341300927671301,-0.06334473931561704,-0.07633991509438465,0.07921028150511676,393
-0.0034982204978617273,-0.04154653584919397,-0.015569333989310642,0.05764748103229907,-0.1135697222697145,0.15558451032004725,-0.06811051647083703,394
-0.13531079810063773,-0.10044124280836242,-0.13571552829392058,-0.048246476252674114,0.06718086993318877,0.011615604282089374,-0.2708950104868871,395
0.06873220668251095,0.14098122399260613,0.09773116419616147,-0.1531086027779917,-0.3731808430729128,-0.19776500397600366,0.11544208820664699,396
-0.09838234348351907,-0.031929540023761346,-0.23019636981201555,-0.11551797747998549,0.08527070014406787,0.13292952219186696,0.14910620989383636,397
-0.0582875240251175,-0.03158745456580396,0.2646164859342099,0.17677561603579972,0.10169601974272038,0.025288657347543375,0.21532405053526882,398
0.13958717502592896,0.10158963050059883,-0.1901871373913479,-0.24739488081821864,-0.08598681657361207,0.26310078421849026,0.021769954552180434,399
0.08880753826481524,0.04706718695250784,-0.03183445725342868,0.008519741289799355,-0.004824640221932528,0.4161549083602933,0.006522876225862256,400
0.30716537232041635,-0.022767365033369902,-0.013826251176923487,0.1953729613118152,0.09408119182135793,-0.10410124515707841,0.4045886844603834,401
-0.013433237852769222,-0.1508574724772905,0.11337397609161268,-0.11379401899468426,-0.023560433370976717,0.042307883425869164,0.08447879701566556,402
-0.4256155673973844,-0.0689205207426469,-0.10264404752252113,0.02036716882798118,-0.03726747464515467,-0.0725064549202837,-0.1374151403576784,403
0.09210026208709873,0.03140528261378372,-0.06672485600553128,-0.05381643200258604,0.1019944480024919,-0.029613796583084814,0.05119909151515371,404
-0.1514769756343053,-0.06474207543149657,0.02543842598476048,0.19175966431081926,-0.053515975753361866,-0.060000294749443586,-0.08429094927393654,405
-0.053498473691390463,0.001813807125136263,0.28396127391584153,0.26091853447790486,-0.10872760878828232,0.02561689370838809,0.2550467751358518,406
-0.020358766703723934,0.2525300765748601,-0.026508404474648646,-0.05421036443511531,0.14165537309855614,-0.09313040351265178,-0.14018402923066584,407
0.13165206324465567,-0.09514899279146082,-0.01829770447399591,-0.3293814340827703,0.03679864939352996,0.12308148492540287,0.09058589581686717,408
0.26070557350645573,-0.09559061823749146,-0.1589324585104609,-0.028232035504322524,-0.11178293671313916,-0.4782319630138562,-0.15247386502917581,409
-0.031215286158846986,-0.1284348275163607,0.039737746468285914,0.18392408519029604,0.24124093259370438,0.03321481841543583,-0.05643608409985325,410
-0.13357220684689952,-0.09315480976631788,-0.03789209127321833,0.08593736302534415,-0.13396146890347144,-0.2553006229313137,-0.03701423989700915,411
-0.21718090098458204,-0.46281672375811067,-0.007302420900375056,-0.01436159971214896,-0.1276937115734536,0.20425689220606064,0.16298581735231,412
-0.1459917940402577,-0.08605806637391812,0.12530827924731852,0.04309910894148469,0.065778399466055,-0.05291010209687577,-0.21620687597714655,413
-0.07899863235853255,0.05273271288827363,-0.09943079198098398,-0.008786754726402963,-0.06244629780896313,-1.0433371099489432,-0.07757597137832463,414
-0.17076735924637756,-0.03442189201568322,0.21797564645322234,0.13452253780272405,-0.5627382664757715,-0.547273183903055,0.019704382494524227,415
-0.09926796858129555,-0.046604920024169494,0.029412040863869372,-0.12274644216353527,-0.1198606519229159,0.49473842130693924,0.004007580342156639,416
-0.040201289827040236,-0.011582717326542329,0.0496216191854176,-0.0660148331051505,-0.03869074678137796,-0.015178995161342652,-0.0014838635307644552,417
-0.15259965704238104,0.02291553863506933,0.07714779099062394,0.048979513512303785,0.1687823779836305,0.0033280138916259583,0.06625954171764745,418
0.18489598190919837,0.07767617421659961,-0.014646034057299653,0.07626009105302661,-0.08643515470487824,-0.03661046620501915,0.04834961945276322,419
-0.16224485089368257,0.0639687410437938,0.0322841591964815,0.00011293446379780081,0.015777367563365195,0.08767286645153624,0.13915668136642798,420
-0.06736267889314515,-0.08125014562964343,-0.21160208405631423,0.09749353599686356,-0.06157502710652442,0.00699762818727484,-0.14660098879127045,421
-0.2893484952434284,-0.3524718431871403,0.034844839236094896,-0.07875502503491968,0.11130809129567992,0.027210974602158447,-0.04638124838252082,422
0.012598854295631838,-0.12803598030817517,0.2239026602204741,0.1295439626832597,-0.4092998402960712,-0.2354220827938982,0.03834478695377069,423
-0.18769174025749846,-0.11399593266704135,-0.03074694348312111,-0.3655455557439539,-0.03703883790869885,0.062228243833750946,0.08142671854719008,424
-0.031826518282167884,-0.026234358142730247,0.07876709321470368,-0.13977652002231594,-0.03368365545490464,-0.18241156343133583,0.06692024711368726,425
0.11301511341172155,0.10305782693557551,0.01267838406281814,0.09544989319786024,-0.09867935930724378,0.17350059679983829,0.1430428545016383,426
0.009284377263321514,0.03574076909658745,-0.02687152964964644,0.0009278617705087838,-0.08255554880533182,-0.12202018807417023,0.06505782635340034,427
0.02741280070444585,-0.06572289395453781,0.09825206238368059,0.028449202061969214,-0.006721533113511061,-0.06365395991880207,0.0958309353990513,428
0.09327759619703326,0.140748956163807,0.19502304551616004,0.029169987321202743,-0.09943380974614874,-0.26721403316771697,0.07348545192953311,429
-0.07310777427860884,-0.04193319507310877,-0.10953105284650304,-0.006584272794354508,-0.011965562312192679,0.35689765731946616,-0.06513083038970728,430
0.12028318983301958,-0.11712814195217323,0.1890844802062991,0.04657622890278355,0.2940395216423261,0.32448384385236867,0.07814453751027185,431
0.09426417419548683,-0.1269018907906549,-0.12277569654858023,0.07605155990485161,-0.24655826525761104,-0.2200410312792184,0.0792344215773354,432
0.053595299060239535,0.08245985296856934,-0.04962099196591682,0.009188983909940086,-0.10354484209011668,0.11905733872870841,0.08330330032220667,433
0.7111319837669187,0.0840731444573364,-0.0939528341930217,0.07154578834887682,-0.004777856478329137,0.12720318095141653,0.13390106216437966,434
0.08346753723001307,0.05736139864187648,0.03395643187940413,0.03411751510655538,0.018051496680203425,0.21769002160986334,0.013469198055757404,435
-0.03920656612801747,0.04429855045841212,0.24756011338805636,0.35242951054394794,-0.043618840215048915,-0.10866062467036824,0.01124651701896333,436
-0.003959823102202872,0.1086771160495383,-0.28351861021319197,-0.019519680999999803,-0.04751651211496062,-0.27589123220979006,-0.2594519754343877,437
0.6625822101532544,0.16468702709388233,-0.02988810641972541,-0.11632211458965545,-0.025285051716557535,-0.06433036636972425,0.10156004020768408,438
0.010864349032939036,-0.03698720679599174,-0.03337518419453418,0.045404878855995826,0.036898065362043056,-0.11030296193815674,-0.27033678708853437,439
0.08602116608522632,0.04412986800182731,0.0712230569202515,0.3997777427638573,-0.019551380828191398,-0.0008245077953614247,0.09198680079734785,440
-0.18003899999030798,-0.21476959000848567,-0.1383542235224856,0.07113175162422393,0.01562497544676175,-0.019407596221143478,-0.0947986214970811,441
-0.17808018703784462,-0.1346949146371398,0.12161991559033336,0.4865630252450051,-0.059311989891005584,-0.19981587120608715,-0.03688512470245497,442
-0.3178546626941855,-0.7624254655649952,0.038449448080594556,-0.6858374291023228,0.18090500234288262,0.2954114995289273,0.22993017521775463,443
-0.23516810312577727,0.0031290419536087136,-0.027995112317170556,-0.32901555664379917,0.1635417341379714,0.11086522322700501,-0.008793071660553976,444
-0.15026976237189923,-0.06952447832869907,0.045884842494237355,-0.04240914924261879,0.02367317225541296,-0.005787134545652356,0.11523811767822811,445
-0.3014325118067068,-0.3192873448065776,-0.16901549637430355,-0.05474038134637975,-0.0966763715154686,-0.03957741039376859,-0.038358164642881984,446
-0.5442279832168555,-0.10165282442907614,-0.16484055490660088,-0.08071659201501682,-0.06824149344056457,-0.3960936027515001,-0.49427838803781166,447
0.1087249007240459,-0.08527468695799671,0.18192289852137244,-0.08185382229792422,-0.02522178256298187,-0.22141464967072794,0.03565733088320263,448
0.1820496867480911,0.04661536327817911,-0.13705150641835226,0.07211365446122381,-0.08585089361543657,-0.03712860333234267,0.0948399763989773,449
-0.24570859218463875,-0.12037712536748363,-0.06578125239831187,0.1527140052544761,0.08351971031688271,-0.1634395094670963,-0.2835950700970836,450
0.07519123960337709,-0.10159709742994184,0.11968952955358078,0.11821380336152817,-0.1657271775995475,-0.22162322029940984,-0.19488680827570054,451
0.09561733071320955,0.05279154505573304,-0.055057899073695966,-0.11586919786776018,-0.11852059594770124,-0.11524406968913735,-0.021970160990420824,452
0.1289400244497852,0.052484596073717846,0.20020799412940218,0.10819284719201507,0.02617894895787308,0.013238737431805883,-0.34727568820977117,453
-0.11903190520018521,-0.1672020537023777,0.0512745884269859,-0.09688868731910033,-0.031074641313815717,-0.5459956465708239,-0.09098749741182624,454
0.09286925982299632,0.14482597869433272,-0.01769351027144376,0.06652109133553605,0.08984066620806139,0.06934364463046423,0.020572042962976503,455
0.019561724924151966,-0.2437457238389229,0.008082806891241414,0.039183784603333396,0.24331994472684237,0.22609979222852483,-0.036042195239256745,456
-0.053917014390504045,-0.028774146459187286,0.13179899827504302,0.050717929507453144,-0.07385186347199406,-0.016374623365761065,-0.01857308729856538,457
0.34221058067220916,0.5107139843389578,-0.08301770481948925,0.10774980088092112,-0.1660952866789944,0.0848927543678405,-0.037218390893015596,458
-0.14944463491469606,-0.03187821454477294,-0.17192457651625123,0.0716631421707942,-0.012010282001228676,-0.07457573616991675,-0.2171894400229949,459
0.2609214968052233,-0.09814846942653148,0.5066199591199296,0.13940422643020833,-0.27230953066737307,-0.1292899551968634,0.12138102743802602,460
0.18067966616528863,0.429566334991225,-0.14854186921195572,-0.3177324614586915,-0.08099416839886797,0.2783259435797648,0.1408961284454944,461
-0.3425285892819765,-0.1561764333144486,0.07356930546944476,0.1462848450870253,-0.04891626852860141,-0.2012512866036293,-0.17604112875351213,462
-0.15534933656668462,-0.10157220461799513,-0.1394882673839385,-0.049211907958461684,-0.6485579948116404,-0.5389025293959249,-0.2265105815013463,463
0.1416429534732297,-0.024576133548387908,-0.00023199303270288185,-0.12613032482943118,0.0015844002967621996,0.1861508612873875,0.3838893616441298,464
-0.09352703820518929,0.02669212254335112,-0.1136903886263993,0.038719227597126656,-0.09500257679956675,-0.00520861834855163,-0.12937707083451375,465
-0.11354429484108716,0.01772331291004426,0.010043683034849545,0.24553858273547302,-0.05884439147357445,-0.11233131595263966,-0.04556726665842864,466
0.005962882274343592,0.006693074298453094,0.029255295108305275,-0.0372315804981411,-0.043808170306997005,0.05361943957278757,0.024051698339693738,467
-0.19408155158509377,0.03958807011452035,-0.058193797046106416,-0.03591954391454242,-0.0031054570508379543,0.09422663509153394,-0.02182970987449035,468
0.1046580196372623,-0.07526701320621529,0.2669405810101602,-0.04166232078313221,-0.24120710313654736,-0.16528024517549603,0.2739180349730781,469
-0.005476948259304113,-0.040089839190877954,0.04684085298963055,-0.15909777669971834,0.09847553063589101,0.09430708087541473,0.03638523975043153,470
-0.04292871009122419,-0.012085554091285025,-0.032267986546898636,0.13308943610498797,-0.03841220389563565,0.16563164816588635,0.08019899477583348,471
0.06193172459925103,-0.04684805615024634,-0.09651855142521923,-0.0507890770384289,-0.04437511292529594,-0.1004670407188889,0.09845683608584534,472
-0.15677340532475115,-0.13524880744246204,-0.16030008423582812,-0.05582824455111257,0.27326801791738126,0.3576763641989503,-0.01029192329358005,473
0.15335142513322136,0.05236964511379025,0.2015036740536659,0.06313278455876786,0.166676066058094,0.2521440524610161,0.1766979819169744,474
-0.004656954556775478,0.5480034720068891,0.06484119130531114,0.0316230259869068,-0.05972163839258238,-0.03285908347783123,-0.05315856065524776,475
0.040669614454473556,0.024036841743087473,-0.04486597521710668,0.18432624003830136,0.10071904180523338,-0.07918053694977786,-0.03482056518542244,476
0.07885507786507504,0.08105967803978127,0.040576075181231505,0.35720391092414083,-0.08944384615772559,0.0017341288257512327,0.0880203637415272,477
0.06910439141967292,-0.2088019596452987,0.06201807643372577,-0.025655806524140456,0.05578162422581934,0.5460414254447402,0.07026227019539881,478
0.29122863259912746,-0.05816670707285959,0.1916736837350733,0.08729036301883102,-0.025845920278476833,-0.13110322040538058,-0.13107810076197374,479
-0.07735267314166845,0.02717171363543149,0.3672034374970263,-0.1467227597550765,0.0360965231155858,-0.2934959212822439,0.09045857802844907,480
0.14330930212206822,0.18583226906305866,0.011894909275031604,0.13814028228380412,0.5273305168294369,0.5282964019206905,0.1724448079734374,481
0.20294916022175818,-0.034260188336716506,0.10962613429633232,0.2878073031562774,-0.04704975558701474,-0.112753654416189,-0.01816727150116655,482
-0.30464690414460155,-0.13084817607241822,0.007629718181530132,0.04803440149640714,-0.015965980701647467,0.03678694909318092,0.014690817448972854,483
0.11755301227004174,-0.07294716019014783,0.2055900872444803,-0.11969547416075818,0.02526102550143712,0.1023430820902119,0.5331908695000926,484
0.022024795820287893,0.17586348909876368,0.0014249416756028505,-0.034977156437556715,0.12538674396999042,-0.13297068144879032,0.12893059164835224,485
0.19865732889113488,0.37715973901746014,-0.16347022815072518,-0.06293480788916993,-0.01645053378395105,0.046123718895820225,0.022138699055818226,486
-0.3297318660994549,-0.06847642144377408,1.763275824967481e-05,0.162097346269751,0.1948679966426542,0.04483629213590043,-0.19103152561058068,487
-0.1544381232740512,-0.0660454472508832,-0.16448898472421733,-0.19110335754500185,0.08504778932772517,-0.054849773524570766,-0.05078919859703438,488
-0.11670604432045958,-0.08884625045772165,0.04934878885941499,0.053342495809250406,0.04208328396844176,0.006094426134771928,-0.10910704194995874,489
0.038527454506420825,-0.22657073725994567,-0.026269075928390312,0.008558532211700578,0.019639518445556288,-0.013452406589256557,-0.010818736861347404,490
-0.04249989720041768,-0.15837366230259026,-0.03530414216611544,-0.08221851274433806,0.012950580841155102,0.06438843933395008,-0.11501041163892244,491
-0.564881451959551,0.07245394322370198,-0.12599771350285227,-0.047893430656850255,0.12726804205751865,-0.194542844361409,-0.1806879621106705,492
-0.029520067656005157,-0.07432217097956192,-0.009336829438263458,0.08018563730106586,-0.11756425667722614,0.10214097731222341,0.1100408458913113,493
-0.059664337238618026,0.01077616161536118,-0.1925192408891509,-0.30447009198596076,0.1103448404512975,0.03306317806384171,-0.06276282620693267,494
0.004412983517656132,0.06372620149253366,-0.015867826349755535,0.011029559454127256,-0.01978744135894163,0.27719570603258664,-0.003034504065181407,495
0.1608660081515109,0.08869829272349915,0.043460525811446396,0.003440189001386526,0.18086932852760465,0.18681971100757971,0.01657666905812274,496
1.0414213815721165,0.08374952626654043,0.2783698671297862,-0.01907867754365783,0.029766074477573685,0.5148681386921499,0.627076856254178,497
0.07560107395378834,0.17239220723880294,-0.10851760918298956,-0.12185249855201286,-0.06630220825263212,-0.026862861503144583,-0.12406103725083524,498
-0.11327453118322603,-0.03682655032478211,0.028535447250352158,0.37017168214514745,0.2260793734947995,0.13568643779224407,-0.37184775789863295,499
0.035453090306716284,-0.15563680939344493,-0.18139553768600347,0.23587049843765046,0.12420457614547303,-0.2444028612028749,-0.05630000796649303,500
-0.04324889655493128,-0.11651698489014534,-0.038480993536298344,-0.030255285957877326,0.09155194785531463,0.23124266493150863,0.13554821055868935,501
0.10258886377631074,0.01993730908714033,0.05531714886960754,0.099918718014286,-0.015047998201896038,-0.26259681163116144,0.0941414082379986,502
0.09349481388447489,0.0313375902930577,0.08682090413360204,0.0029717227454383825,-0.14131809954402594,-0.1575595046385663,0.13084041307327296,503
-0.010407336725217958,-0.1325297615601673,-0.09063954944476868,-0.11095873092484254,-0.025958877165273887,0.05849763175541257,-0.028140846402049002,504
0.10675049518823601,0.09390228342668558,0.15297899380793217,0.26382571690468065,-0.0952895926622578,-0.24782094850611316,-0.007060897666314222,505
-0.050111702824851084,-0.29226859065290833,0.07202415135150254,0.035950863002975716,0.2568755904127794,0.1269623786418971,-0.04575245823677925,506
0.4402283045900059,-0.1143010655744686,0.9078209555242256,-0.016252776020269366,-0.11072752848152867,-0.08681040580738052,0.24833703654906003,507
-0.07350925811580925,0.28879203448329177,-0.059670881806535715,-0.03960695894856367,0.12475062716392644,-0.07718054890688283,-0.029706741579476944,508
0.08083232474691028,0.08933909405536926,0.07663304631426708,0.30154924222388235,-0.011059108597508666,-0.2840619548647264,0.022827992954389024,509
0.3625197670284098,-0.07061448790624439,0.22563718834952207,-0.03897710681610431,0.1873905993212506,0.2327268446567831,0.12280865233228139,510
-0.14929251770627397,-0.3366380412282299,0.08095092608367895,0.0859958927461689,0.09917890326598515,-0.18661329031745344,-0.18932394554201137,511
0.09407206100318173,0.16811958869401983,-0.20153334604354425,0.07690239952322481,-0.12103146394679945,-0.23201414615800595,-0.03365065367805586,512
0.06135080396752793,-0.16214768811928393,0.08368354845897312,-0.07540971069185562,0.0031702362129897386,-0.015400656002376986,0.07269735612859526,513
-0.16571905049460506,-0.042504675857575204,-0.009445605583622257,0.06481271285119565,0.030345468323495686,-0.24302429883509458,-0.4250284645686313,514
0.13853477274142126,0.36487118080946396,0.3603027661924408,0.006159878038412333,0.019531484705505735,0.003662512984052301,-0.04148956598164449,515
-0.054444638975988315,-0.026231539834648612,-0.010502714905189526,-0.059524145541999696,0.00559544746506096,0.12940107202014256,0.004215624118444865,516
-0.28088160536797224,-0.06053148485776054,-0.5216503066873139,-0.013883152863931186,0.20502651375595404,-0.07513204336626847,-0.44201844643254473,517
-0.08911808718501044,-0.1332006659093621,-0.052062734726228285,-0.06099129301884907,-0.27749777364094924,0.01189766167296391,-0.14438014454132594,518
0.06010794084420247,0.07991478664673514,-0.10515527074518695,-0.36552217279451626,0.01205337587903741,0.029155977681707086,0.1284406499444254,519
0.14931918725758742,-0.14354641616597763,0.06788621119876556,-0.05009431475686864,0.09382433942026817,0.18765093521671056,0.2689850864774383,520
0.2248781506093606,-0.0013982317243934651,-0.08714085527990481,-0.2213416895882072,-0.031691039720218146,0.06511371881226939,0.2578410520425714,521
0.14061575697298265,0.024366154099925312,0.023893916454965164,-0.11563541168035799,0.21185455936547362,-0.09088767141579693,-0.05715173052123832,522
-0.09929326316797102,0.04486524198920647,-0.042661886245158896,0.24992742179804003,0.18148833820948113,0.14449704993457677,-0.11700205446580701,523
-0.42065067579863846,-0.12275379641271345,-0.14639598323823746,-0.07246584499799288,0.02789429066599651,0.025941867134631647,-0.20747953401777594,524
0.03224361733201295,-0.05095062983313316,0.09400467225451815,0.324223205458266,-0.04365692459718893,-0.31279799333109554,-0.10720132744620706,525
-0.04787171678811968,-0.0070038303639951074,0.1755261531769195,0.12574570378215316,1.1176333721389207,0.9344064465671826,-0.05409692422699092,526
0.22415653281647716,-0.04273346918350579,0.01063111914366327,0.3987716748386709,0.10486915955879028,0.2648758343475926,0.060030680614620816,527
-0.3736787519677595,-0.04518696149531574,-0.19152643902351496,-0.030318123595584945,-0.1865615541695338,-0.36204278004264584,-0.12618776241026847,528
-0.20076514788820515,-0.0650348378372599,-0.03784096299043676,-0.04654404097154463,0.060063760109598796,0.05220023994577892,-0.22057404421156657,529
0.03345839424601151,0.09853621891636216,-0.038638321206263516,-0.09389841296440497,0.02588818343210173,0.16564880762683853,-0.08332680746404496,530
0.08496105528508889,0.3198789071584212,-0.4107152776639846,0.038652426031052546,-0.004528678692354377,0.3150995228958305,0.025475191634085244,531
-0.07722522332854947,-0.3487531855677951,-0.048052392946184366,0.1924512635775632,-0.06534277692063385,-0.16054883538894568,0.05804005062827962,532
-0.07520506769699482,-0.19936553311474925,0.21826973535736466,0.14205723799045006,-0.014742996844113019,-0.09585913331876368,0.1771511393607494,533
-0.029796675844358828,-0.01279008714497848,-0.056187481139208864,-0.2047425725558109,-0.052111102582786596,-0.16158360558093812,0.0017801836777248366,534
0.4787588359845831,-0.05904661571203714,0.09790105391530725,0.08329500534479822,0.009380237616838757,-0.11630701200897375,-0.17712969649028265,535
0.36299957759446944,0.06994436597122047,-0.1028606295486081,-0.06803623347363966,-0.36334961129840443,-0.3505590314426418,0.036965018353384595,536
-0.35827353417956986,0.05631333154864397,0.04803534835043054,0.01809508299167346,0.043738133607651615,0.2424041052833808,0.20520189184263413,537
-0.09694193217578931,-0.3894406733665042,0.20052762009620317,0.22840187949896223,0.07460514631416065,-0.03757870962480051,-0.15831661346505893,538
-0.23776107252773745,0.08062546408135615,-0.07325839782394512,-0.0702456623323909,-0.05834151612581634,-0.20866685233100657,0.009942071440637202,539
-0.5102551817099192,-0.1735650466813268,-0.07441848202677602,-0.07898009487250202,0.07654137498479836,-0.03386539693762529,-0.06784029736677205,540
-0.11836065912584232,0.006690369760880829,-0.12006591829092797,-0.07129488146507434,-0.04773161717171722,-0.14108664781216443,-0.07329664154445102,541
-0.12587698732958455,0.04324313938050922,-0.07797209430094271,-0.14352914165203984,-0.099750719488854,-0.1279708743632098,0.04862296782753801,542
0.5577232790538673,-0.20234803884022123,-0.10085522765301044,-0.14580142318648337,0.11355867992017464,0.18351787930112573,-0.0026983351748117485,543
-0.11141945198642757,-0.12254563256313457,0.060649501675421096,-0.026093435626919338,-0.007803333957502031,-0.021606430630079304,-0.01925565086040012,544
0.12453086500597965,0.08960473683614391,0.35055960906491107,0.27820630016545544,-0.13949691979270293,-0.20738145613122377,0.1878612099926047,545
0.019784241909112304,0.061399640687590136,0.16184428011854085,-0.1718779178670085,0.09322044299794496,0.12361453374852482,-0.01680844702613752,546
0.01807278610819926,-0.024759402496161743,0.00740399860688353,0.013383889223901824,-0.012479542080490088,0.056132323083929764,-0.01481217056488917,547
0.12233183797270222,-0.06271098361599128,0.19989647388066423,0.055955181390674125,-0.06532616162236701,-0.06353811285857695,0.0245672118308955,548
-0.09636749191668348,0.06521535554252984,0.009546172298996264,-0.07807995690665656,0.024911070950566168,0.08389228297906959,-0.18370212876120995,549
0.01242778194488181,0.2559878518229894,0.019679880622065354,0.06123768610712717,-0.23082732682844986,-0.3661827183729782,-0.03790425320386275,550
-0.07143954152588511,-0.035112828853458934,0.07776072488031736,-0.08057501829437858,0.27083252587396056,0.3015098228467585,7.020740343989923e-05,551
-0.07934370908823518,-0.04354943886323978,-0.13589045612303563,0.04191122980642365,-0.08716603200829993,-0.20425246905741515,-0.248955975313249,552
-0.23716803661512434,-0.19576647244477408,-0.11679148754846386,-0.1378370431620709,-0.05796058712762628,0.02322196787302338,-0.00650636960503622,553
0.10899323977916106,0.03497833916599773,0.17755887568058953,0.24403464954018253,-0.09020661417293135,-0.11599413774167973,0.06492168839355887,554
0.30582966129695527,0.09517087296773818,0.21568965841390078,0.07955120506750582,0.08179539858111774,0.18698814142916192,0.4320552439830774,555
-0.1287653786104497,0.0445294305563524,-0.10674201306758087,0.15672473141147333,0.26599622697903613,0.3357381511869184,-0.39511067474227163,556
0.08125482898638135,-0.058794798949297025,-0.282161771023928,-0.5848933512917278,0.09128080596107474,-0.15995273285703582,-0.024401109873616156,557
0.06808682137586627,-0.06145053375374507,0.25335621035840955,0.08517688600761786,-0.030329394488340433,-0.005296380673245581,0.10329841890518154,558
-0.04246639937088158,0.0090063680809392,0.22337836726269747,0.07213954190814664,0.11727632253995786,0.1984307407882448,0.13298668805162808,559
0.02829249166631544,0.04158165253035637,0.09587080627512244,0.2260760067314524,-0.08123262699898783,-0.052026007151995485,0.0671807938830104,560
0.05508440386011392,-0.002159490574755618,0.032820484585773434,6.952445198576962e-05,-0.02322771873555375,0.1385238597562744,0.14306088527189728,561
-0.03791760136395503,-0.027661961564957635,0.04809880279646449,0.12421843381488039,0.32396113885676936,0.35453955851233104,0.03308393615448835,562
0.12793512097595927,0.027052915795843763,0.02941795335521076,0.028475214006251137,-0.08828075671657093,-0.006358606878180725,0.23059841042787,563
0.10397150753024739,-0.07208241412566958,-0.13360625612306806,-0.01980265232293695,-0.06054353634590623,-0.28556218680282824,-0.059800458263769674,564
0.00609965083459188,-0.043585254013941636,0.136941260206691,0.011824266162933111,0.056128520986261726,0.1745406803992715,0.30685016119571723,565
0.19833211452689065,0.1253020655542217,0.18654258616881367,-0.01638475178337516,0.005810545371985761,0.013485147803488258,0.15790826346281173,566
-0.2181377510544179,-0.4535655828028126,0.060516871823108775,0.08750662553636757,0.08001099827108635,-0.027808609659213224,-0.01954337771077382,567
0.19606124569572828,-0.2732616198441491,-0.023433110950826157,0.07294758172412501,-0.02810106749306096,-0.1817753008785046,-0.04603176223234811,568
-0.008887152789295347,-0.027295219496838594,-0.31243066534223185,-0.058651430663297144,-0.10185544597730532,-0.01243637587833167,0.05958856650835399,569
-0.019849550730259215,0.0007685907223636407,-0.028970684604825506,-0.029997973639600377,-0.0086517960907668,0.09948038202979044,0.056622632501186425,570
0.02902902626940844,-0.013531622555179017,0.03931530509944511,-0.21293515428212959,0.0805588027333781,0.10426300904294716,0.13398851096605957,571
-0.18492483852231545,-0.07071359715089622,-0.0711799965195886,0.09984053609268648,-0.07610341148590262,-0.1241491548945805,0.055202301097698185,572
0.05717967766097255,0.16014243490163554,0.19539518067623482,0.1455586326453719,-0.054031550347978866,-0.07089406430230002,-0.04421181249943709,573
0.12086795584296176,0.07411658302106053,-0.04206690696831696,-0.010160249309778532,0.012422851949096364,0.16646656217917072,0.019488756067062976,574
-0.19363729135124608,0.10180460067063415,0.005845062835474563,-0.19741475043373438,-0.08015220601049852,-0.17092124499049557,-0.11617557821530695,575
0.3636460599511952,0.1640670312378156,0.13681994599676076,0.027684754712384147,-0.15037303224755988,0.164022460507386,0.03810490873846251,576
0.008484885391174493,-0.07958005042181533,0.004023624315548889,-0.09692565963670993,-0.036361445321401946,0.1692598697737675,0.002245687331810308,577
-0.05619515466122316,-0.05146805328296401,0.04367909044689709,0.26194806401139725,-0.03568974221608059,-0.17357383623629538,-0.03240955946714943,578
0.42388011750212873,-0.01953227140797744,-0.0420529819585802,-0.29375060804766373,-0.13878804965628264,-0.08405761116292072,0.24186357204670209,579
0.3460930197081804,0.04957499305636436,0.0012332025850027226,-0.24088345163608932,0.0204905008880755,0.02688535334455077,0.12506291417443732,580
0.14541763430454244,0.08827522042904519,0.08410993076589185,0.1060315902332281,0.04282592239463472,0.040648030424417975,0.015827679449734226,581
0.0011732798794669569,-0.3196903744409435,-0.06338616367028171,-0.035893030855467564,-0.16188800195324482,-0.11488299576395153,0.13986584051223364,582
-0.4655557140494292,-0.22740417572893928,-0.22448156486505252,-0.007316198951695405,0.10785160396930281,0.22821827363127786,-0.033793582580349285,583
-0.12109085461329952,-0.21371388776332795,0.11964020061278824,-0.072150482832227,0.07339017208424294,0.21585173134297855,0.04922273281941961,584
0.22345595443655472,0.122472483264432,-0.15838428210154767,-0.2700997657065494,0.2336286749933735,0.14873079242061704,-0.04514830524211317,585
-0.5727005654399965,-0.13998274394780472,-0.028288156876002283,-0.09090530603308397,-0.13521376376078842,-0.06194847727826233,-0.05868979344052955,586
0.03710712660224361,-0.10821095615975604,0.017341274028191994,0.2017321300699653,0.005517794558378967,0.010860285018028108,-0.03800265556000881,587
0.5006951315073049,0.05885291215343986,0.022995406999763893,-0.20341049662106492,-0.9796986541238483,-0.815882470942912,0.33259111737505065,588
-0.03618202729701338,0.0511199958068776,0.008486464391996323,-0.6158321855873787,-5.343474029987629e-05,0.12100788735287842,0.08520372890536465,589
0.17000722066632207,0.057054629239780275,-0.1145508961811142,0.17561908951459304,0.01775151225269587,0.1553926246341974,-0.12618853693266005,590
-0.26725572180924206,0.0959910941331401,0.08498516117126258,-0.09066156122545006,0.008524245997972248,-0.13781750324032585,-0.2867545384236656,591
0.010347607045025499,-0.017498962420852644,-0.2853662631673466,-0.16755023685900447,0.029464255893118782,-0.2342569757230036,0.0027443249026443232,592
-0.30393863815874334,0.006612303695054028,-0.22391281908092375,-0.014080832463325296,0.012363226147751831,-0.1972162545244721,-0.5285858437357559,593
-0.14209177572839415,-0.09204260073996605,-0.12828545471191188,-0.07204782995860888,-0.1500358747896047,-0.3541262911987329,-0.046185471570579284,594
-0.17931970987855228,-0.17727445809481202,0.05277442226891492,-0.016682149246657646,-0.06885544196638355,-0.16665145398241277,-0.05995578973250654,595
0.033550367739344555,0.06544972653160804,-0.0963962370616208,0.10557139169808358,-0.03549251923552252,-0.0007399901378329372,0.0423950342421561,596
-0.9744684728557795,-0.03319906808730134,0.08196520929518242,-0.10727389220910662,0.0038811256706019538,-0.09156478722316513,0.26673134435160656,597
0.09582923881407529,-0.15551255462483785,-0.0968081766588922,-0.0634850258878385,0.16747758989954376,0.10384917597538837,-0.04770957941347986,598
0.0019624987724567444,-0.13190929491150116,-0.2183642049414123,-0.23734540885945365,-0.2254973678526263,-0.2332221165653069,-0.08837162985950132,599
0.1920041409231066,-0.11726069276750667,-0.04853224317378249,0.02208858584922932,0.07374929631962568,0.28184978389459825,0.3262932724330625,600
0.11837654111683686,-0.12590350654069063,-0.18033530535583892,-0.0642443622879725,-0.00795196874516959,0.11542125953272787,0.14539240951498267,601
-0.040338382482997315,-0.0712522853302057,-0.15303548834416714,-0.016469828766590103,-0.07778225436213305,0.032538186995182156,0.13074424130069692,602
0.004105051994885714,-0.06943094760744406,-0.1382395825743956,-0.07365638914100636,0.1403628316664168,0.01828952859052399,-0.050634378418137206,603
-0.06939691809735934,0.10363915546257196,0.306491864571921,0.23960893372538913,-0.01411892312541688,-0.09091359033248071,-0.16999087881538139,604
0.05987939362405181,0.1828170220909523,-0.08159308250893238,-0.10456578125069367,0.11127385274366251,0.04655340068206712,-0.011100906729744911,605
-0.26170666263532544,-0.1250696094969251,-0.057104903344267904,-0.22966961962709095,0.10608483689977335,0.0005209646134438639,-0.4414712957870688,606
0.21863913812747693,0.018385953954866814,-0.06030207645928473,0.09724429833254322,0.07335293670362862,-0.5857091338668063,-0.08364581992284356,607
-0.17481707250914091,-0.045659612559582,-0.22824188896840675,-0.30859743721353855,0.07837462668197016,0.14597361329919636,0.03705202626309103,608
-0.01034058532236612,-0.0018816758035328784,-0.015947910729255,0.15197875474873065,0.27184251682353777,0.3578961358390161,0.1716763009085155,609
-0.029666717585646096,0.08335616538399018,-0.24369168699495655,0.19797079237783455,-0.016133137211508143,-0.03380289067933041,0.008474868335794729,610
-0.07131657795686011,-0.1709362520996603,0.032584661563365896,0.018003453123980565,-0.2765548232574781,-0.20929523439560022,-0.10704759985717899,611
0.12040107985513024,0.17659086255279538,-0.013870297909336006,-0.14291988559514146,0.02747013140493162,0.029072930235478738,0.10482153460578125,612
0.1332968268892091,0.09329216708435135,-0.031865562339992756,-0.11395702394119941,-0.11334043695091121,-0.06036320280407728,0.06751645754519951,613
-0.06813721829018951,-0.0768231823209044,-0.0050539731704629404,-0.13936652025212629,0.08095869082502066,0.26923146018554217,0.11830194425841262,614
0.6203711167087603,-0.017907226795380135,0.09595860663125264,0.025017505534613987,-0.04288900389275133,-0.06291301246290434,-0.027064760640871793,615
-0.06796400400301633,-0.031234169087344686,-0.1692494722370197,-0.18545419198386684,-0.07735039545289107,-0.01330184145827086,-0.0230281017677239,616
0.10300012497656093,0.0691791920667869,0.07756880075044348,0.2093592232457137,-0.019196313639155874,0.13205090501403227,-0.14510518529231722,617
0.10342841349947393,-0.13389552356438233,-0.042948730537983065,0.33532450898004773,0.21023039023122192,0.09518598258953435,-0.16297431616427369,618
-0.14112378079916166,-0.20072523404502843,-0.3846843830853836,-0.05655933550926624,0.052715185619858135,0.12324663351882706,-0.014000084668235012,619
-0.052611005199317454,-0.03465149562588067,-0.2133883391276177,0.02054857722565176,0.3673871375956932,0.3002865159916529,0.023292679680897287,620
0.004104649795517015,-0.270773511398134,-0.2085028670050179,0.047836375885825316,-0.057436250451337295,-0.2418662586867422,0.30473015017527294,621
-0.11245462385332747,-0.0077231895391515135,0.12183453765635782,0.23048485437236002,-0.13383196692798285,-0.2055281134028246,-0.18223334320897377,622
0.06002451900406702,0.035938260853395035,-0.040940560526903466,-0.0493447600160585,0.1797240049786663,0.06051316001440417,-0.13709091559512,623
-0.08600268532747986,0.12128454403230352,0.17594668314820855,1.0212582921352737,0.005189192572432491,-0.025892986624313316,-0.2472143070394656,624
-0.107371530911424,0.10588562644445712,0.028958106625081872,-0.07610110727644034,-0.09784757787458849,-0.11757665604925298,0.04973644965334399,625
-0.13831685740579494,0.08659286178128144,-0.09432440950596155,-0.05191708931055884,-0.015750152362319553,-0.12114652568948939,-0.23838790890319186,626
-0.08799621393284081,-0.08108417302950817,-0.179484695234405,-0.10708775553902339,-0.01690101962259961,-0.08507843714238277,0.021531938461773113,627
-0.017749371723743884,0.206038922710563,0.12408877686165007,0.050214045473401435,0.15684377354120685,0.18997620023627604,0.2246500932448627,628
0.2846636934532705,0.03132773808670126,-0.26290855956659837,-1.1429602855900636,0.1363487926021128,0.24043370519242263,0.22959385245099362,629
0.15902749502173508,0.0038146742586569887,-0.010130163514058366,0.01890503031459573,-0.1712183233219656,-0.27603753132880093,-0.027923365902815873,630
0.2660726592833366,0.2089170497071444,0.06846197158303133,0.012869637729447433,-0.05767252439180303,-0.0689236281062306,0.07544927685764286,631
-0.2578429099400623,0.05661795765342465,0.09526841265219424,0.03199251192114424,0.10041097559414564,0.007385323332356933,-0.08665040297179391,632
-0.21756790945244564,-0.06283456393262563,-0.012153585149542193,-0.2082726703808708,0.0538952814829132,-0.05276055079690186,-0.13222172322141398,633
0.02713631245801904,-0.028060159194847813,0.04661468998024636,0.006873375075349242,0.4845180485808017,0.6472261489759221,-0.004894378118391229,634
0.12045679472901256,-0.17031895750342635,0.01752876523845014,0.13078241945796346,0.23154189299291184,0.10778010626339443,-0.08712081423733115,635
0.11030152664011794,0.08445128666402144,0.08404514880023978,0.18364263464590103,0.08779167757425767,0.1047085946918835,-0.00776406304539008,636
0.20203694601367805,0.06170642284816487,0.17474297780090908,0.023329387667057458,-0.07461013960555382,-0.07569865700108619,0.2255701658047074,637
-0.09015361133885068,-0.08743307732593894,0.01092010568620555,-0.34571120391449467,-0.028473559151642694,0.04784578737636492,0.14445509991829938,638
0.20435369460597663,0.113801777612706,-0.024923020097281444,-0.06789323428348328,-0.010767966751950785,-0.11383378937229427,-0.15639587204980712,639
-0.08592178248994882,0.027341296557262522,-0.21755454537096208,-0.3627923754219859,-0.1369799846418004,-0.6142103285642038,-0.11260042551943497,640
0.2850893601958977,0.030958732691535193,0.043052671725897725,0.12040040657901024,0.025413402610720188,0.3604029425913119,0.06632830935460382,641
-0.07869641551067183,-0.09488712382498493,0.1082633837028818,0.0051823076545181555,-0.03090738928832843,0.08692573931144267,0.34911990942283727,642
-0.16438422836980804,0.00014160897400664757,-0.034156198794035184,0.09357058902357615,-0.027049635795146035,-0.17260615602705368,-0.17391289539468052,643
-0.023992306077752823,0.04110209999850152,-0.04712247862642704,-0.21716122471288643,0.02958375978713894,0.050603953742674436,0.06515317193270694,644
-0.08496293396293515,-0.16499792692711418,0.19344326100366258,-0.09635419994033531,0.2014381622774158,0.023980046933543248,0.08130162377873684,645
-0.41411270242897746,0.14394955184261296,0.19602380238114803,0.148124674874793,-0.030446666736955803,0.06751884784189424,-0.005564027423829732,646
-0.11130561267678343,-0.09483532608757222,-0.1616924188092288,-0.33982965484310945,0.18479459770938622,-0.2726208201500223,0.0010613647808364944,647
0.0905224180835023,-0.07564844594206213,0.11602558581330305,0.16429491968754317,-0.2106446124103262,-0.14899804594991858,0.3964338336536459,648
0.19989456094369934,0.05352606049719778,0.19092137758667582,0.03529285830042406,0.2920193939209375,0.27453445278668426,0.3371396196506667,649
0.5235741510262606,0.05083002819659975,0.22390598421437735,0.007484683319760266,-0.14470757055011826,-0.080492161061945,0.14245757017267163,650
0.07850854008613718,0.07128987313610996,-0.13502390181138485,-0.03980965648235106,0.06489055373325313,0.3050014278882595,0.09196990249119753,651
0.06900394551882948,-0.05802068006263136,0.1464579947031776,0.10261287825589481,0.09959165259407193,0.4295890987766044,0.23366491628617309,652
-0.3987098177313645,0.10514168768708815,0.12059194103821692,0.04041334030369892,0.03781673609846627,0.08308861217138827,-0.00998838134265978,653
-0.08628568166403396,0.03448965881771472,-0.009550629963168971,-0.011854206704554941,-0.044939425623654515,-0.051517883379271365,-0.03257810443236119,654
0.13727803707455558,0.07286774984065313,0.1483936820413757,-0.059614304543844206,0.018939663429943326,-0.3153294727847428,0.22913356472885324,655
0.13256412984174623,0.12902104130844627,0.059851127236844236,-0.11502273922555808,-0.011000015609487858,0.09481546724369863,0.17214751325193628,656
0.06535221766857824,0.08913570305344318,0.17675027234726282,-0.3422239824967525,-0.31035204988848736,-0.291125293706196,0.030111971166510817,657
0.03588716080024915,-0.09672652796347302,0.11090586402699212,0.07800186094498046,0.01058193494761245,-0.15698383872132385,-0.023349050667091028,658
0.14841820566464425,0.010494791529426645,0.02589989649554903,0.02056397620633127,-0.13939514181591403,-0.20019744484633883,0.15298600754027528,659
0.4416492976673894,0.12103968944802124,-0.014708050604561484,-0.46262943415635993,0.39604559633700076,0.2948363245982883,-0.12696177369285674,660
0.025755413479252476,0.0387415153399246,0.03876925436345739,0.1221870048903333,0.061040185018596364,0.03256368474805928,0.006004701861080778,661
0.06732500342412555,0.017841057860728746,0.06622223659206325,0.2839532962792939,0.11977484148285351,0.17086520534227584,0.04585078717453418,662
-0.10636684980255971,-0.29233653188404596,-0.044507692468883246,-0.001502418645871799,-0.20712211263788652,0.14410545592513715,-0.15751364972755497,663
-0.005214769581138673,-0.00836982343608823,-0.07984078588235637,-0.035731642339509914,0.03606028310593517,0.023400713963415472,-0.1398466044565645,664
0.014993601384079291,0.045426987450117556,0.04017409513358863,-0.1288862968414087,0.2872471894870076,0.194217142437982,0.04781291442939652,665
-0.003828132308910351,0.04741932870898631,-0.08433515500679592,0.05174847294733974,-0.08768885570218757,-0.05535797173682457,-0.04103807706839205,666
0.019086967090615532,-0.259724824349877,0.07104787041211977,0.0013609498537916244,-0.14837296066719516,0.0339337123873225,0.09202538614485643,667
-0.35194141645611915,-0.21591911204816294,-0.0746273719380276,-0.15003413986524952,0.046810502831836825,0.008241336178684014,-0.20435104475130106,668
0.6293969737434709,-0.320829787145233,0.12912574828340617,0.061872838729146354,0.11436990710071936,-0.30513541713665465,0.03837912522943275,669
0.014007950118284623,0.07946815502681742,-0.1368120023817198,0.06580903880381632,-0.09052539543595212,-0.3330938034935815,0.148655240864178,670
0.08422617348027334,0.08954658348415742,0.1253828869591238,0.0073256444374685675,0.0020937329159067225,0.11686110880820612,0.0696318902969926,671
0.09030801301944727,0.0066459592547744445,-0.10122272224436707,-0.07347262828110568,0.03622379764082178,0.00903251616944696,0.1398658115748523,672
0.005779289204530903,-0.07959500968171668,-0.027449682493910138,0.1047640943092383,0.10814658325866532,0.08511985861329469,0.03478777483754782,673
0.15275134155401135,0.0845400530349758,-0.10187006539291853,-0.012554724359168504,-0.10677040577402495,-0.08794170024331843,-0.03338300387418633,674
-0.07280293162840112,0.012891967222218165,0.08298795841321473,0.05496563259021209,0.1731250908208786,0.10662335647430818,-0.001170184793294392,675
0.1381089118387899,0.07271089520765754,0.14247189575439856,0.09481746933605358,0.1148617718480221,0.27189005339090105,0.07696367243932287,676
0.4122449030849187,-0.05535495411196434,-0.15436185580558648,-0.36367231204644984,-0.022701392107056483,0.03008465913190651,0.17885403836845215,677
-0.0721646384728116,-0.08092098351960797,0.008985272991832237,-0.12729164486054562,0.10020974874478068,0.103078502825725,0.03290010746261262,678
-0.07878861147720213,0.17391342532048923,0.03593738809060141,0.04180690174670777,-0.1497136543943316,-0.2951238852226363,-0.16621281113597502,679
-0.01745377792021713,-0.047605997132702735,-0.9025154102101578,-1.8365600896403307,0.03518513188122162,-0.3422739692462013,-0.09408651848436714,680
-0.2843990945224253,-0.4392248469741722,-0.03179760528478396,-0.03349380200497128,0.1044639740438818,0.1744131159023643,0.144471550979121,681
-0.10709282503401953,-0.19148847058012566,0.27155272726994684,0.2513506046318633,0.09798243443602633,-0.07583214199300496,0.0285781567619554,682
-0.013076233908586192,0.22988535085605744,-0.1491198078879454,-0.09728045091271428,-0.06750355178417944,0.04335653527932837,-0.0669342482136882,683
0.04244165099109656,-0.04836575594349576,0.12200133055117456,0.0719758109020559,-0.18014936459520725,-0.3137348777131951,-0.13474785634210826,684
0.2582904747842981,0.14154964633656708,0.02145604527757977,-0.16606537862926102,0.08562716760908055,-0.5358153779237589,-0.0258448942921857,685
0.00847722508632981,0.07895900859648057,0.031204338007090552,0.08338009962365261,-0.045812584747549345,-0.3718534581341689,0.08542132992624421,686
0.12124728592218577,-0.036618382702970416,-0.188256733125373,-0.04943689549656265,0.07399629153155847,0.09578059275722703,0.1462197997901783,687
0.4248266485660392,0.13659020552882092,-0.3545520400325716,0.020298444463999633,-0.07686895021339156,-0.050619306584595555,-0.033420269283856635,688
0.09446130913412176,-0.06656371703563618,-0.11909084790307456,-0.08900449062409582,-0.039745236699194816,-0.030911584224805826,-0.015732861055194725,689
-0.0021274507598967804,-0.031878085069692634,0.22281861109403767,0.13180972340761646,0.014184728178779258,0.01993788662430806,-0.007011389886166303,690
-0.23950832260937152,0.06825996660068225,0.11385725635775426,0.17248955299422689,-0.107038384691195,-0.09060518364834633,-0.05847979038844828,691
0.13594585602482503,-0.0015591702381494918,0.01245612482749259,-0.022112513316719963,-0.023415798678578965,0.1379258344028204,-0.041280879681843914,692
-0.19373799758249607,-0.2080699629445411,0.07455292651405437,0.08910855294407694,0.12458970323573992,-0.08897186259709622,-0.05089305280888406,693
-0.08727193262188515,-0.10324619833082903,0.2109563944492428,0.0807146629525769,-0.04551496260887644,0.06271930560908931,0.19506655015629898,694
-0.043283896974159033,-0.01534881435299841,-0.07296592670222453,-0.08875522699765623,0.032160743625725484,-0.06387039435955581,-0.13292997047680014,695
-0.014559603691469067,0.13486743888665362,0.20151763774536025,0.45234448609478634,0.02022564210266098,0.2295174427095404,0.06866104649960163,696
0.13361740880629527,0.0680197857700167,0.10663559716031512,-0.15687026843406673,-0.018053414036260026,-0.03757819459360806,0.026619590241748977,697
-0.020435640220171504,0.10907011750858522,-0.3375802849455593,-0.11032595830992763,0.05656889154165589,0.12446385125221847,-0.029323992690345496,698
0.09512304411085887,-0.17835757684317488,-0.26364995580684175,-0.09653039687001748,0.13127145365915613,-0.05980373072094769,-0.22898157685418397,699
-0.3255846088203387,-0.059295027360763836,0.038476889211168916,0.05821074388361959,-0.057080415034785364,-0.11754386626450772,-0.3137699201045143,700
0.19128370071916,-0.22675127764487213,0.10015321854309531,0.0943420050611114,0.013286217000017225,-0.27981820040609606,-0.04000784817154404,701
-0.8184634825991656,-0.046384248497936126,-0.5358612371832989,-0.16878086990148672,0.34612164511272536,-0.23613948165875834,-1.4442781896322527,702
-0.22893622396535637,-0.21353862577886396,0.09935747417789993,0.18029071683933234,-0.12544148156125404,-0.17515303334167512,-0.04677265188166053,703
-0.011182352966322667,0.0867616573303839,-0.018723238269284834,-0.26489322085450095,0.13984775693800786,0.07519747504875351,0.13414690670649837,704
0.2678046038355033,0.008695496501453178,0.032126998703360665,-0.24812369314764934,0.1013947538842146,0.42347543648642066,0.6220842264469351,705
0.03108049670540093,-0.11896704157382734,0.09206451701840614,0.03556623231893901,0.19032477067668252,0.1458369581284279,0.0067604650919547305,706
-0.006022075618927057,-0.05645576824627754,0.11615111864036529,0.743938252436654,0.15180110334204763,0.07761515120234574,-0.0568032540944206,707
-0.40388410373956923,0.07979197009784418,-0.18705503313462973,-0.0056208244568401455,-0.14621680450255556,-0.24205031097099644,-0.14104299465719347,708
0.03159666520965833,0.08568273945268373,0.11106529235753632,0.016833477137754654,0.035933886932723674,0.17623318462370371,-0.20811092839483072,709
-0.013303447527420978,-0.03472597184284049,0.15013356546596185,-0.09675583963372687,0.06721646392063929,0.21000085969594123,0.24879740179858773,710
0.19989632549465158,0.2926250399635184,-0.007173989781994988,-0.05421151000850495,0.08336807351379845,0.08955066014087916,-0.06741708824917507,711
-0.024042329946364925,-0.09995431720021533,0.1910156466501983,0.10227622348037192,-0.10401119129562116,-0.14675755625685374,0.059875452163465105,712
-0.5731936698990463,-0.05300233007072014,-0.15281618777340972,0.10175945518333497,-0.10884549118671444,0.20458987268701767,-0.2728614720307366,713
-0.2438908897244892,-0.2218485466173718,0.059032397873178794,-0.013844891683429728,0.037964990563272724,0.01902466704164498,-0.11546955932031706,714
-0.03215179813657153,-0.07539664345486845,0.06226551493267325,-0.2714550959260624,-0.023738775808478843,0.141388521843506,0.19560925908959928,715
-0.009611396847570692,-0.021499067409983624,-0.039491272437681364,0.025097934491533344,0.4799705410220416,0.44834065429147946,0.027530647981230505,716
0.16641725694884504,0.18053783143618446,-0.05357484388717203,0.03056850942736014,-0.12503510548550212,-0.052282357390081996,-0.015026693370922795,717
0.09920340629038103,0.293662981455479,-0.00789328983836006,0.06309077210222136,0.02611060616777812,0.17234901887047843,0.014654029532242027,718
-0.028662753544727707,0.0425854241260243,0.030827508887774017,-0.022801893984939765,-0.08596513324352584,0.05195235132946863,-0.05857692950997794,719
0.05126059743100725,-0.05895664124920686,0.18695657061023513,-0.25275195666749656,-0.08347907344380319,0.16980898886999024,0.420581571849426,720
0.055643910097643176,0.16173295316622804,-0.03039593006663583,-0.16688046484448188,0.008474561027815568,0.06087100989749509,-0.07557055360563797,721
0.1537183746486815,0.1321913551451788,0.303681468271542,0.8757108784176894,-0.021312471882510974,0.20148545655397232,0.03692564477764281,722
0.19589239553059584,0.011388472758587245,0.07565750766095203,-0.2775055071749924,-0.20142896172430744,0.13946051123165157,0.12889146856721848,723
0.13210545563347614,-0.07339203186403685,-0.12582481247654273,-0.019613421501166368,-0.06159308976136331,-0.1139990729993237,0.05571707196030076,724
0.11636926585912974,0.021069428960920136,0.2000662715353449,0.2114042557005121,-0.031424630017509295,-0.15315888520838455,0.0027361958585959668,725
-0.2603235593504604,0.07980246379422222,0.05373450452680047,0.26134721985853404,0.10817852477003292,0.061749156241645,-0.2212279107332448,726
0.33215251868384477,0.12779388567027206,-0.04116330592407125,-0.11709186774964789,-0.07463831368818574,-0.3374528246194741,0.08671699585313469,727
-0.1444005722780718,-0.07123813893312342,-0.07438921907054326,-0.13350230030662028,0.0299152189229498,-0.0029914342954151935,-0.1086323629430867,728
0.2623689593870797,0.21419019925426985,0.11824180481834418,0.05258870280520457,0.017331587770180994,0.027973883852861047,0.10952630488752424,729
-0.24663236128720586,-0.17157421348398796,-0.13288601058097055,-0.040607719540362915,-0.10158165232655242,-0.2357179104499441,-0.29245686942153865,730
-0.00895172417718812,0.15284182467132107,0.14882365348185259,0.3088494193263724,0.14014203928790145,3.0422668032104028e-05,0.1362865177609403,731
-0.025900769377728207,-0.08623243748852408,-0.007458178430005888,-0.15348003952552436,0.06729682660971388,0.10591050018123604,-0.07031670421460838,732
-0.1404906778195685,-0.06369713730072271,0.046959685227585535,-0.05413482143599767,0.05379915666229793,-0.0767567028521024,-0.10099555523227975,733
0.32949890747211996,0.10346149924338126,-0.10849185524026139,-0.021472122463348856,-0.11113342032141256,0.15024162479994146,-0.027226074331903324,734
0.028792359889185902,0.0203368819884569,0.07374498551175103,-0.025662436304519122,0.1628746336386032,0.422002289917066,0.005439677426145692,735
-0.04444396653820505,0.08289536858323245,0.14114638990153183,0.1964677449708454,-0.12336135945559193,-0.09123798885927606,-0.01329261931930329,736
0.026537822449181726,0.09381156439204597,0.23392284691294485,0.00658408371858462,-0.2166127106160589,-0.04437739424845,-0.022973251762958707,737
-0.04038256681828502,0.17898222331950153,-0.05933464108253901,-0.09215699410516301,-0.05037138469159541,-0.04991538687074848,0.021688839494974754,738
0.1250835456822278,0.15779547084921952,-0.1858720466191073,0.0032065608617057144,0.05224951427545155,-0.13995881930163756,-0.12087416159688383,739
0.12162062215595437,0.1977647054848905,0.08646070973880941,-0.14630517445009045,0.10128779195379485,0.09351557173769638,0.037363320447047405,740
-0.0640766373083425,0.022801043291869327,0.10285692278769398,0.10018056374169612,0.001007481477723583,-0.6148342840147757,0.03184935446866314,741
-0.03492005144298651,0.0022226455877887054,-0.051206907411705964,-0.0019483732404065347,0.12480742200319693,0.11914611214802726,-0.03202982964930542,742
0.028933517226727757,0.08192562439979846,0.010606366633779063,-0.14491489094150936,0.07319307432358686,-0.21476704734432756,0.019652183821750994,743
-0.30468215708411867,-0.0044769930523219405,-0.24915061373551758,-0.09912709965724233,0.08660879345045604,-0.22749887552838396,-0.7674878325803428,744
0.4957405879801382,1.0722443055323467,0.013081130963667663,0.0896601388401678,-0.08145615060152575,-0.03362940664510789,0.07417681061673309,745
-0.0697970143342039,0.025468602175220983,-0.07060873290402943,-0.1871289690896234,-0.03761409704005264,0.020637779219299296,-0.042762057485343986,746
-0.16598169685125524,-0.03231352787978785,0.16638867735114193,0.19146047694498078,0.06605066289039524,-0.05950528509199936,-0.20909228023274684,747
-0.12459168650026262,-0.43422942936799885,0.08441658545597538,0.0945916280499941,0.11052688484178048,0.16806849272025065,0.16477374474452952,748
-0.10724498092599181,0.023006360581607915,-0.020030998083099723,-0.12927815463231462,0.16468525096815623,0.42420866542058033,0.03266612764619877,749
0.25369651429400414,-0.12952455908041363,0.16115719011165053,0.08649906843269534,0.17248255432620818,0.17802879987514791,0.3449129912213655,750
-0.1727210637690061,0.053495631038131444,-0.2104108437665062,0.024276095722860148,0.0848532656920919,0.13471198744720653,-0.15812061385593298,751
-0.364249247050147,-0.061600271971364334,0.041320987264234534,0.007972819746909207,0.05463133373182571,-0.049409802743777584,-0.14440998273900663,752
-0.10717045456990815,-0.11427990165102565,-0.22360071122167152,-0.022977667103675645,0.5061489456460441,0.12687589703760993,0.05567456573537506,753
0.10747081412860425,-0.028957965893340848,0.20399071093745458,-0.05241960848444825,0.03450346060785758,-0.005042619304056542,0.18910236573535044,754
-0.26252998232571756,0.010413868765211234,0.7821538494947582,0.035024493832681275,-0.07990452817361134,-0.08831753017984578,-0.16468717378087047,755
0.17740315666379025,0.3681682061418273,0.11626260096595194,0.09296198473419287,-0.17026255212726216,0.15834952470281996,0.20927192042855838,756
0.04411733269975632,-0.07272074781138999,0.3296673306839943,-0.23989975554785475,-0.15026687171856365,-0.22942162492759355,0.1547188219081463,757
-0.09479937206856784,0.11800652343958802,0.22053669234890944,0.11471066124745455,-0.18212790927186934,-0.039583415175347275,-0.03612973308218675,758
0.1527323563931555,0.09605325572305341,-0.11916314538838535,-0.03437503646930932,-0.09584462030143637,0.07425460438888462,0.122165346962391,759
-0.04736927138739189,-0.12871494942755127,-0.15209028302536012,-0.21686997938827157,-0.03446614629359245,-0.02501206671296624,-0.12978986112078794,760
0.023082575370379478,-0.058553424380621305,0.0390893247443881,0.0497394324520715,0.07311915277783641,0.27431202859521664,0.049489998384494395,761
-0.048441223150546,0.1751730583193476,0.04734208612681056,0.04861736220835524,-0.13590432150023174,-0.1418543044244257,-0.05901221250853698,762
0.046592752140223084,-0.05278657090790367,-0.04690394594005043,-0.26175014355369597,-0.012100307250284366,-0.03212406092698711,0.10665209305893641,763
-0.0836539598701427,-0.014179781072126993,-0.018244681197618587,-0.3089874872499345,0.00854521484458287,-0.2026243026246826,-0.025287194951789112,764
0.19908766842434017,0.3075207127985306,0.060098165923357136,0.2070212610004903,0.0027743955089420836,-0.032071188466323494,0.08936455339904648,765
-0.3793780674385527,-0.03613528485110813,-0.3242574809131847,-0.06262791080388476,0.049492960456874784,-0.08266212733527088,-0.5160508906626293,766
-0.28398823623625796,0.002608094472171113,0.03831225445448014,-0.03905252536144353,-0.2012332707480499,-0.08670461155275032,-0.0164662627009641,767
-0.13702061481086178,-0.09159838156525532,-0.026714294551143387,-0.029978537207080963,0.09627698956061397,0.15870432319876177,-0.0967044352425302,768
0.14307713921291756,0.11431700473001367,-0.2211546665949243,-0.15722511225657604,0.10318687287144422,0.10896752435474431,-0.12257813544654278,769
-0.0178118922540731,-0.07968601517837492,-0.032583921044947485,-0.17987074611585038,-0.045906721564302595,0.0279302352721003,-0.04958576687817088,770
-0.060778576067994174,-0.0004001391971511833,-0.0558378888153853,0.15997782681236875,0.03293808510690237,0.06984642714316189,-0.03693461569578203,771
-0.12122893668188744,-0.06438654839007714,-0.02425905127635499,-0.05672167156037854,-0.0054745002973720265,0.09935983769678249,0.05196339930722826,772
-0.29678362363145827,-0.11471406913503061,0.004953984225408617,-0.1257255648256157,-0.2659303382944447,-0.31782186213359975,-0.1268900522712575,773
-0.001670105669980465,0.022707012527765788,-0.049509046809227325,-0.04142342539357498,0.13467005960348633,0.21310455767313685,0.11363288756630185,774
0.07771692587414786,0.01649424694488292,-0.0810399741177403,-0.01336833948366787,0.18816924168139598,0.222792670857747,0.15387539959532143,775
-0.027749435878264603,0.10080983125429534,0.058517149817397765,-0.2307517948367625,-0.0053750662880425815,-0.1407046424784927,-0.10575918256720745,776
-0.05492879132075341,-0.35512555958422914,-0.023950107489318084,0.06922537322570456,-0.13241501865306524,-0.15265072886857362,0.06823556632263932,777
-0.2107744585880102,0.019541207670550856,-0.04020909454689489,-0.029992603952245202,-0.1895669255112753,-0.35114979847577243,-0.22763752446471008,778
-0.10973606286485313,0.10339478550031822,-0.11436392530974418,-0.2797345245830076,0.03938146218644225,0.002789610628174858,-0.08932885925592048,779
-0.13475156453573234,-0.11584177408206778,0.0271132732948144,-0.07136586922904199,-0.004349122842198427,0.13327501208618542,0.006099965902928669,780
0.024123767847854225,0.1840071533807565,0.1723321169207271,0.0477528403560838,0.2749376120928473,0.27689958840198214,-0.044791648521455556,781
0.003218850756280492,0.05444360042869829,-0.03922248814021749,-0.16570682723598923,-0.17935966421626331,-0.15151044332062052,-0.055787797866039206,782
0.11371803597568629,-0.04851945726826535,-0.12077521489711886,-0.1286178403231194,-0.0692108810769783,0.028157051233145644,0.1145144742611936,783
-0.10245463794111774,-0.05808684670490845,-0.30184876568363606,0.01016823427207618,0.04634303438646717,-0.15119011892884324,-0.02378271563734504,784
0.7209800434872099,-0.031516361286443216,0.5535874267870006,0.1126090488214854,0.0759906748953273,0.5764060019463109,1.1811220488441811,785
0.0933085583605812,0.23599494532257997,-0.07499411985184001,0.0399392637540895,0.34323371978869394,0.36488448600468115,0.029259941709308485,786
0.20522944527563564,-0.008254864295241075,0.19130752412960006,0.2447226480922198,-0.006250756154502136,-0.2125814356256761,0.18746709011288729,787
-0.10659276747536117,0.0544841134185996,-0.30426481165990016,-0.049576944358763135,-0.012339417949979697,-0.20092942404968744,-0.27443578556236575,788
-0.21559956702265393,-0.3530952094871864,-0.14328432634237695,0.07393819786915735,-0.048603719953968026,0.024620157364298467,0.10869631817679784,789
-0.24783389078500392,-0.19631482475010834,-0.09345410648531355,-0.11456563121135607,-0.03955781889590054,-0.07087045172415152,-0.26489929375448057,790
0.4833520402982585,-0.051943019645950966,0.02581129269782405,0.12528815191555465,0.003985938299307686,-0.1743642957138558,-0.05316114353011996,791
0.19474214786205973,0.174332692428775,0.007420592587577518,-0.1533804569542161,0.058448256649983,0.09300204434793614,0.11413188831870291,792
0.09164169836914761,0.15824378035550504,0.18881001491201907,0.2990945450536664,0.10823499646539392,0.10700052297582913,0.12548078915866423,793
0.055145657536465845,0.24937233505112066,-0.13200631533758478,-0.07794555558681056,-0.23985470112187418,-0.2739225920524996,0.10113643684406244,794
-0.07063918594012968,0.22447076185400566,-0.05129470629711173,0.03157776667025827,-0.001453364949580254,-0.15239376747019756,-0.11995480696786778,795
0.2510426573462791,-0.004728845581103565,-0.3345888904282651,0.06623967629789693,0.2779359863205828,0.1284952182420061,-0.06197779558193998,796
-0.027235739214544374,0.007777138398094144,0.0015050571774250085,-0.009272587658257642,0.0760100200595174,0.4819703342104502,0.01103962898274279,797
-0.1293389062651325,0.15997848748332164,0.07083665827738056,0.3877233300873254,0.3877391322772618,0.4337336082956223,-0.27508879049446955,798
0.06016862564848767,-0.024003888254295978,-0.0220883322973768,0.019573872827151118,0.04323918612147454,0.0857270929999136,0.0036145840153985415,799
-0.07711139312159736,0.08018037611553216,-0.13993933250969326,-0.10270557152621691,0.07929958996065926,0.18341532976307445,0.012626593858492574,800
-0.08632673938337487,-0.06450377431463875,0.1401674938458263,0.14371816028070222,0.12405955968590976,0.005797015947413289,-0.04362677933844682,801
-0.1372526840109922,0.2040880585462513,-0.2740736128372877,-0.017181074497083813,-0.015643067249746605,-0.33123308052293643,-0.6992021309358647,802
0.09936025488784485,-0.06424393690924865,-0.2446439540332182,-0.01819305544802005,0.09347503459870912,-0.031087191643867376,0.028808619110987744,803
0.057589665598388386,-0.17578018474759793,0.07616407502080463,-0.051585120364491525,0.003393231605103312,0.12611311687453766,0.13909275595084997,804
0.08748171770219552,-0.1308244179333231,0.2324821743825824,0.07813609766435275,-0.17214792014196412,-0.09168194991486481,0.0018857145151218561,805
0.4083484338308924,1.0034459397142983,0.16282772673201362,-0.02802290684105899,-0.11580994108799879,-0.11190056868868875,-0.017071079612599085,806
-0.029431044108095723,0.10122366473180049,0.16874948015000174,-0.21767852080776895,0.04475625681696557,0.12419513953525156,-0.010565776042636756,807
-0.2017980086774121,-0.007162040841717399,0.23432650716163717,0.0593321601029635,0.14433380334316634,0.013419363965018097,-0.0027651725647264078,808
-0.0495890781230984,0.06371658276824255,0.023103458757618545,0.0671703623935869,0.019635893183848806,0.03175467208075183,0.1827685956037667,809
0.033766824918012014,0.15508161015622182,0.05499740145404923,-0.33145994830242553,0.06572576712235832,0.13430250588410464,0.0736477280781466,810
-0.2306003304046315,-0.009712984413987793,-0.01995825248286284,0.005159411153515955,-0.01522821574039583,-0.048350109444503714,-0.08425454319201708,811
-0.22259041822840991,-0.5579250930025824,0.2929972643565931,-0.2568530344673165,0.12444814605622301,0.12374626413218467,0.061388661437895634,812
-0.11163566948243836,0.00594444684585288,-0.20395496157212817,-0.04866071571367186,-0.027993451712108305,0.2984152639200991,-0.07096995294228793,813
-0.11018923083878451,-0.20750519779520116,0.015966900456975443,0.10320771161028032,-0.06312877926186572,-0.015307516910070831,-0.14620467167797013,814
-0.10258772178094104,-0.25283055874742444,-0.16330683362864348,-0.09586818674119718,-0.041448835694625076,-0.11432590611952906,0.02711428746398998,815
-0.1870414378737334,0.1120794364001209,-0.0821017362499001,-0.4387437884990198,0.036964092005801905,0.15921875199913896,-0.020395991070104154,816
0.035226632970900076,-0.020742071564787617,-1.1135549742134385,0.285300018082503,-0.04547969259592275,0.045756955754853126,-0.044167859647914566,817
-0.07294109590948414,-0.4216876278553944,-0.031608063714978304,0.07297619422194507,-0.20662472018186173,-0.15666672770027867,0.20215620014755153,818
0.02109831587600001,-0.04498327426330422,-0.11751920426012917,-0.1581213118359561,-0.02900867589320351,0.0956919812736059,0.046373383413796126,819
-0.19482295141541597,-0.028952532700740594,-0.22138632331746977,0.06183112132234672,0.12536109433609746,-0.08266709604339802,-0.21039368599277336,820
0.05244117285614265,-0.2406464132890636,0.29865523402752475,0.19643643684716122,-0.18765972261778466,-0.1039393094020472,0.10492225534254812,821
-0.05549817158639505,0.1433471038271401,-0.08591681933746044,-0.19657837058268987,0.015474456675857113,-0.056287492568772836,-0.014915810458124321,822
-0.10923146587445981,-0.02529567220556813,0.2260803008987403,0.10873562196175163,-0.1014271055323877,-0.11785770182625604,0.021134698811433948,823
0.09333119153803815,0.1816427417983578,-0.05861775423011206,-0.05167230741626622,0.18215876641232975,0.17117535391789845,-0.033163045545781054,824
0.01674608084858179,-0.11179425925395411,0.13434170245962226,-0.05431716994266207,-0.053145976936026545,0.11601720890407093,0.1385656922950817,825
0.0220834739628619,0.1883127527056036,0.04773033809716933,0.01389854501764064,0.0016973551853480843,0.16691863392000572,0.0004741553650099662,826
-0.0626308548291636,-0.036633650802774684,-0.11296855630918065,0.03752211905510499,0.07224613360300268,0.03728128716900243,-0.021577539414888963,827
-0.2005589283386566,0.10010879483933274,0.06351289035845652,0.1573228513553278,-0.10071914918475033,-0.18225570265352314,-0.027920172472733696,828
-0.28015318775565745,0.2131610665208178,-0.087729704325756,-0.10824690192065986,0.2606259082497859,0.6189093284674452,0.009745254079170387,829
-0.09934395998214245,0.06043703776443253,-0.342370812936386,-0.05578693045673654,0.08376740330591628,-0.11463805266631416,-0.007774572107185098,830
-0.16566737805493115,-0.11455894324278693,0.0228432572191867,0.17511320172481237,0.046242563909054325,0.0190595830627472,-0.042274211260300926,831
-0.07469358178152782,0.17283776675651463,-0.0305322405342429,0.015489043926382407,-0.0911229961545379,-0.29727854116191066,-0.15818437235788524,832
0.07420851684613575,0.025851948343683876,-0.16806843264478563,-0.029801426560018496,-0.20264381145072916,-0.00489162879555427,0.041022781548724734,833
-0.04064052152251377,-0.10820243293201434,-0.2761801315906113,-0.06120166209542131,-0.10474455450511849,-0.12682239040279825,-0.12099081938043488,834
-0.046954982019844535,-0.07579702866927887,-0.04627405792936379,-0.27803925884427877,-0.04709682166028356,0.026000495112556962,0.00809700013358768,835
-0.1495867749997099,0.06814512070035497,-0.018760176809841364,0.05520628714947665,0.054098417709641494,0.1947849808816856,-0.09219579151903545,836
-0.21322563181636758,-0.051847132656151255,0.07690584078407503,0.12911923439516623,-0.26563032040194196,-0.27809566472342284,-0.12516605581276727,837
0.008050864920715738,-0.05002859294466831,-0.10819560305440838,-0.21809899049599002,0.22803732882316657,0.36224701516655955,-0.06808515655727862,838
-0.10239583544112982,0.10779521873418191,-0.10530380321825106,-0.00989495205205861,0.01751960278411168,-0.15680796367513494,-0.18928160029395108,839
-0.24334743343622245,0.0382619331043237,0.011450006960723,0.01652816108776663,0.23393685605049527,0.09297214727374285,-0.037090120110429045,840
0.05491142314538733,0.005992592506937546,0.04314500952311853,0.005098983622229526,0.003733455967423384,0.05993657524684029,0.12281556625698298,841
-0.1614388177082232,-0.07939856584644943,-0.15363635670985643,-0.22491974142830928,-0.14622007442541882,0.03364308708006926,0.014177556149136931,842
0.14829190042611531,0.07053230435001177,0.19087827450680092,0.5747016408653748,0.01054672218201144,0.08102851939955855,0.10467986636751092,843
0.103012717239711,0.11305049166866835,0.005750371082987895,0.02144065848262191,0.010364901001685248,-0.02066656214100787,0.06684230522775257,844
-0.20899781948410928,0.11422790550850068,-0.10518675840368942,0.06637687014453318,-0.22083729371348926,-0.04438247940139381,0.06507752808909281,845
0.09185183907894916,-0.004628173728424074,0.25312198220471194,-0.008322601507275575,-0.22027504474405593,-0.3399809935804962,0.055750607966126554,846
-0.05062553322973684,0.1296092891271805,-0.012395177609931349,-0.1431260189924212,-0.04375361352612933,0.0019570530036377848,-0.09018696993958475,847
-0.11209882691539133,-0.027090538804953233,0.021092492574500236,-0.13928437731281473,0.009663220866633345,0.22288675356726687,0.13196496127146237,848
0.1270438874393143,0.04347997440209969,-0.16313436154918498,-0.09670258610265474,-0.026122602377588528,-0.06413889893754754,0.06372433708122303,849
-0.03100021082709232,-0.09727037262159641,-0.04843608243330333,-0.12537771376893836,-0.10726381130351155,0.044948763890231995,0.0906878276837039,850
0.07251830603998936,0.02016926881218254,0.2598739476356423,0.2781673807623027,-0.048478034525756886,-0.14084603634924128,0.01694928247857393,851
0.17255183539886867,0.17460625518255102,0.07707435042125696,-0.05257054702980281,-0.1290261367394019,-0.07490143354857297,0.07829011758777721,852
-0.04950535329719357,-0.037117038816903355,0.03022218874463771,-0.11249332750035423,0.3591633900579824,0.13235941663360606,-0.011881523804371602,853
0.07927927570557475,-0.09533021431986134,0.12580160110741495,0.16328221103206755,-0.1773629393611089,0.03444033784355478,0.19534719368658554,854
0.038299913538258054,0.07059661132681823,-0.20364865417918637,-0.4808701293500946,-0.17944004218855555,-0.1583286844096192,0.0717154160000994,855
-0.12197696636678744,-0.1588730791983804,0.0757201428291388,0.6007710400521324,-0.11242516745205976,-0.12871494062027003,-0.11368287530814014,856
0.11247387774771425,0.07513868739978743,-0.20247352789640063,-0.05629155117245761,-0.025789610255452844,0.051539697803474005,0.08337943860734859,857
0.04107714627387897,-0.10058815249392611,-0.1014634263030764,-0.03135145001317847,0.019176988246322284,-0.10901517512769766,-0.11909983645371554,858
0.04673446059746735,-0.12413130605564154,0.0557537657444032,0.15997753713422225,-0.06743343641912139,-0.14316364777732055,0.22427402186865777,859
0.30178784580927565,0.3391380471461171,-0.11260224891118983,-0.1316704522037549,0.0067746323331905585,0.07897948993283818,0.0032022073630666305,860
-0.04470374220276584,0.052539656558270864,-0.06124168274987761,0.04989236481159424,0.17604219182792774,0.0920629899698414,0.09859332546616123,861
-0.03001320196002715,-0.1671794398888918,0.24878077768445164,-0.0638078335757343,0.02621106818078551,-0.005641912799194768,0.010399972198210742,862
0.09388560967253487,0.10129025131831615,-0.18703615602380666,0.08525589023855634,-0.10151753744268886,-0.03551462719421809,0.007212417099572214,863
0.005449663113709875,0.02569266751228705,0.038205797681523206,-0.05964915930359706,0.1072188843091873,0.2398611881860449,-0.09033690308916313,864
0.1160737612714397,-0.02495970576599973,-0.04833623971355612,-0.530851653653568,-0.0705525073036639,-0.22356905991337253,0.08869199829470241,865
0.26510924656245716,0.1588343450825928,0.33671394176215097,0.11546800478450198,0.03667968136371599,0.12036404096851366,-0.010666186586110097,866
0.34976875165235366,0.20079779358662483,0.010625725696170402,0.16454773654908664,-0.1192952490291726,0.06360939498288068,0.054642978678080004,867
-0.43968623439242743,0.05193847724393036,0.45850524767992235,-0.02234340346509473,0.08980764134051103,0.08436993854767177,-0.11702699643272191,868
0.16213621761222552,0.11932129125154146,0.23901296773060232,0.052463275734808815,-0.010732008490122236,0.1281056121020982,0.11313399814103975,869
-0.01355117070754529,0.036886177726852896,0.19955273079408428,-0.03517845083615975,0.015896357509155013,-0.0009037336761317065,7.325301051987661e-05,870
-0.40484461289694346,-0.10083246006156474,0.07584722347299191,-0.07515235051219435,-0.0063373994446243136,0.1649066792207467,0.11322363514084897,871
0.21501902702906645,0.25389015899263706,-0.13489906144179595,-0.13124244578373434,-0.18481696281987725,-0.22351771586434366,-0.2743828748573671,872
-0.029962597488414504,0.05345734971040213,-0.23242862796410113,-0.30334775336399233,-0.049218261006691834,-0.10529631355303982,-0.05415098300412169,873
0.042052579115579,-0.31641561220659686,0.10820966297640505,0.1926338397537205,-0.0996212336231141,-0.1280492364095039,-0.04049461413242777,874
0.12280726641563215,0.09441681417506105,0.02295090021389063,-0.009627812077162935,0.12031820879863164,0.0005825138358510201,0.020275587377590602,875
0.1420938755198299,-0.1198572895298426,0.20478425730018132,0.05670650932083841,0.69912942598698,0.6041323436705369,0.03322956065632727,876
0.0021083149965856023,0.06097485882468954,0.1352078114385123,0.20108965899419137,0.20663712599557807,0.31633394883800436,0.004644857455884078,877
-0.060457661397212634,0.010743924426470632,0.013512466881603045,0.033706552382511815,0.15669962337200463,0.20529929287108864,0.04924398775202247,878
-0.15432905071213626,-0.06443378364780655,0.008826470174696142,-0.14094662922868778,0.01078983216407691,-0.025779240585296063,0.11551813398139602,879
0.026901080004359257,0.03241753129353073,-0.3397509069441922,-0.15402898907886273,-0.12083035595614389,-0.18269179366244898,-0.138523417804943,880
-0.05026563144193552,-0.22630185948080228,-0.15516507324136738,-0.06429503478811305,0.07354827954096377,0.39267775882481865,0.02693273435392095,881
-0.2277014500083081,-0.047012183387949116,-0.0038493580973059495,-0.07675819083499087,-0.03157059950605424,0.05757015066972496,0.07294989259019534,882
-0.08056435478401608,0.005672678154811636,-0.0829835604819789,-0.03018484278807515,0.14810591084618624,0.1993022910392442,-0.1062367772074949,883
0.11302173804551788,0.05551908174677122,0.02973161138126986,-0.10304727407599154,-0.02986327945535256,-0.054402990196447364,-0.04158806173883825,884
0.2629863314033131,-0.0456245355966185,-0.43153982811069436,-0.03439571408881789,0.18132626552733627,0.0590904031049225,-0.19885238831618415,885
0.03541561968983456,-0.02709934651625412,0.14912741540590663,0.20653854064413132,0.05151751765085836,0.024282046793308358,0.02800687920686107,886
-0.14356517452141504,-0.31449300025558835,0.0037685670247753792,0.027483534391463234,0.013362519197083037,0.02861406011075215,-0.02152435558459431,887
-0.0806815587838412,-0.20854526537485574,0.03594229313306446,0.1436182048701995,0.021692415031693515,-0.29997523567255935,-0.00024368760432642847,888
-0.12160552549233958,0.05742521206007594,0.16119787100520072,-0.024384607400320255,-0.17825978348301352,-0.042825185538916774,0.06455335007484707,889
0.3639743953200552,0.007832798708740964,0.007150184564700016,-0.12980511128031633,-0.024108842493844214,0.02842473531341254,0.22952147772249992,890
-0.5298939886004305,-0.03725863429289828,-0.2984856192625367,0.003657108226988809,0.03395979402642148,-0.41443633459083756,-1.0932810241184514,891
0.015225031682280264,-0.021989402941231348,0.02107609114823314,0.07830879617500874,-0.039213498682437745,0.029191422081872635,0.07055519174861569,892
-0.11798569582325426,-0.3185286013674682,-0.07939894417466482,-0.1255045436375972,-0.056410367437428124,-0.8840881674443833,0.0787794276515088,893
0.1112829779847049,-0.07449801812421694,-0.30103562062738354,0.006723560946042723,0.06053307314646015,0.147965381183743,-0.06527028962478752,894
-0.12254598112894985,-0.009479751553894453,-0.003466920174947829,-0.000831714661867853,0.127716107690628,0.051168720344118346,-0.09151333419323016,895
-0.15502884952902135,0.045358255290843585,-0.08773979328685884,0.03962216818510153,0.00529237671453557,-0.07446967473388755,-0.21428158276464707,896
-0.414071045117053,-1.0810508426358134,-0.027143324593480123,0.02104245693231173,0.10121571693520659,0.2927964035043865,0.34061853201268966,897
0.1320331498610491,0.09823147386926355,0.33702648250453116,0.7278263057260976,-0.11294471096374047,-0.21649060740417705,-0.04334276332155571,898
-0.10518027744091196,0.25712192962200153,0.0021741165554077166,-0.016273149602742412,0.05856411542821693,0.16541701958953864,0.07916043561632084,899
0.07195323723731693,0.071411780330247,0.06143588937161566,-0.01356515784440615,-0.0843831249033265,0.040043919780632486,0.01443041978927441,900
-0.16310627656956544,0.31749957678302215,0.17217533760268383,-0.288037196481676,-0.003568896503712586,0.27522966592900433,0.09077508597712224,901
0.02313813951555739,0.3565880738184697,-0.17595965854216858,-0.09222388806398137,-0.025751708163264466,-0.18414839744174263,-0.17937837632373754,902
0.004944658491105557,-0.044128776562229896,0.07814005227690057,0.05228087764404216,-0.048726303854095716,-0.08863324018452495,0.09035356390293578,903
0.0870159846498304,-0.025647129144979502,-0.07271544671805998,0.11309327561050561,-0.1191977345823241,-0.03669217093711678,0.08468013232229864,904
-0.02319253076655718,0.035620637018283274,0.09555967256428374,0.12049389751577028,-0.05940645908603768,0.05132730183139289,-0.1484475980189278,905
-0.025236312344607617,0.1492551639796022,-0.457327458485388,0.047752502812023125,0.1384904962276786,-0.008741846103374223,-0.13983182784241366,906
0.14637791501089217,-0.20156824470725504,-0.027207892032758474,0.11099343319417071,0.20945427721387377,0.1956960840636693,0.03812559144651972,907
0.2986392044322352,-0.4242789871148699,0.23246429468774507,0.1656136761255771,-0.009451745266564157,-0.1816971381768876,-0.050684707015665444,908
-0.06719221774326203,0.1855322482055084,-0.08061395325319555,-0.02845352573617292,0.2849538486349638,0.1421904777703258,-0.0950120097181395,909
-0.1290524239043097,0.03793722825954576,0.03254225215832679,-0.24016709430880523,0.04212148612428282,-0.02528149486471859,-0.20097251863775642,910
0.2706756638391981,-0.021390108019488888,0.06528830689411104,0.050599621820272375,0.017321810800652888,0.08412325809469916,0.05250685073142344,911
-0.09260944791314855,0.3926337451390361,-0.11488338749501542,-0.06931546437851246,-0.05556646156632972,-0.24961064380887904,-0.20148375315804998,912
0.21654151707214242,-0.03749892022323972,0.2987550224967297,0.18193412757062252,-0.07334852205737334,-0.1421575655881176,0.4308316651944745,913
0.30031771334404667,0.0660494136113793,0.190047293683836,-0.019764821887385164,-0.029970349099747134,-0.014215224459450181,0.10055743830978409,914
0.038539172915428646,0.05259973803829944,0.16462482690074245,0.09534545955826162,-0.1042141545995628,-0.22115754080470154,0.034300547478805316,915
-0.20692819515661662,0.05178139349990352,-0.045444670871609055,-0.19868320417273672,0.027598286842761745,0.09631904110194354,-0.0065615309801824485,916
-0.0018754843437649507,-0.05451839940748046,-0.25366786940059827,-0.18523168518155889,0.2158024300910741,0.043527367253254956,-0.022705583059633085,917
0.031081603903860264,0.027761072237485515,-0.14225614747148094,-0.062373780599144286,-0.10567656810196242,0.06911873431238366,0.06080757140902644,918
0.014498087744673697,-0.040789014518379324,0.044837389123586494,-0.11659939146313676,-0.736400847454806,-0.3719154331111758,0.1704339807724854,919
-0.12724668895211302,-0.13989193957100524,-0.10222867818627993,-0.1997384999940257,0.028441415400252967,-0.04315016237141138,-0.1534049237415468,920
0.04848640995557592,-0.2551663592370893,-0.26614503384961197,0.10986598726956268,0.11517444676134136,0.15075595984189033,0.07293385696161424,921
0.05082762522955005,-0.09239816287995584,0.033392706610691755,-0.06997404485391046,-0.0016509985866135887,-0.1295980717732631,-0.01914514771314855,922
0.1496907713652329,-0.056756866948929306,0.2806616762440024,0.1218244146263653,0.11535788013310118,0.07492487064983859,0.1902965688634654,923
-0.12057458794395862,0.22994153816230742,0.04093603848745736,0.03065043687725336,0.31076164442153525,0.17116866650981089,-0.06782858850277237,924
0.02528714302267011,0.008194602505859828,0.13813742716776295,0.12095827180955304,0.0652434680760872,0.24684780312611201,-0.06671851917195569,925
-0.13517988766506764,0.09826056392051855,-0.0415861882035143,-0.36720239140811534,-0.08194017283959344,-0.11595376404891561,-0.0731220531109245,926
-0.004687414463436727,-0.047808386473094516,0.10729440660577812,0.5063950285170357,0.09461577544181667,0.06409611043202917,-0.08767466867867488,927
-0.0514195560586454,-0.13488298772784152,-0.13417256619935808,-0.029675911650798248,-0.001820009806680809,-0.05501348286965506,-0.071346649526648,928
0.3003787176438174,-0.0456022552421048,-0.12213885964186377,0.06986079319412059,-0.03232750554273347,0.09711670582545738,0.0997371726376661,929
-0.15431220630487502,0.047575075759338406,-0.061091952136334844,-0.11240807186847476,-0.14301845401657945,0.03990548408406436,0.03179704792836487,930
-0.043637138788766544,-0.022531147775166863,0.08176386154577923,0.016292732415094855,-0.15889864111490656,-0.005226290971293457,0.15892924081821833,931
0.19905548983495935,0.03626784415104744,0.18601075725307664,-0.21456888893993137,-0.07993334511902517,-0.17280175337478992,0.1779397917203507,932
0.05470232243195304,0.09605678754079686,0.08581199430382622,0.13556318144076454,-0.05726597537867676,0.022860841937221783,0.06666345881589304,933
-0.24268778089226434,-0.21291980182639042,-0.09742194646902892,0.12114220685314345,0.5047597571308484,0.42235897216102963,-0.042491700814074905,934
0.1617212117680032,-0.02784220005993068,0.04069736477133669,0.062260204358201024,0.21262846943207347,0.04400182734476074,0.10771867015921972,935
-0.06346882010302007,-0.13407831502790257,0.11612103309596514,0.4715166960183208,0.007719829520691302,-0.056785851939781654,0.08650317386764224,936
0.3033453795015172,-0.028593090667455176,-0.18473636833738222,-0.03722748105425328,-0.4024401013940794,-0.2564611189323425,-0.14659067948446095,937
0.10437219262424893,-0.016570458435837904,0.0426905934265644,-0.14986059261755164,-0.008297581085540079,-0.1038880237336206,-0.017260204871105828,938
0.09742855028065618,-0.14617081714138308,0.133566192955689,-0.09313482597460405,-0.0462697529499284,0.24346809890492577,0.17240956484008146,939
0.12862298592621002,0.017840443440156235,0.03427980466227659,-0.04516010593570735,0.11382791051548469,0.16328450817444545,0.26701983506052973,940
0.3446908597460228,-0.10068397357860769,0.1649099115233375,0.23018743890023485,0.023919577625215176,0.24468003254231221,0.6156672357388173,941
-0.14017226992405046,0.18600146317708197,-0.037130603116517794,-0.0171599608013107,-0.09945348825773088,-0.2646352919115213,-0.34385532040515654,942
-0.081012273295555,-0.002819749407446724,0.10719366445044266,0.16183533892707183,0.3561890681448293,0.054164187954782006,0.06038841943924792,943
0.024541055350488946,0.26353686117493136,-0.014544785226347036,0.17904547122747178,0.22352203531918616,0.02940471904510701,-0.11346676615983253,944
-0.029519346472478378,-0.01589330868506015,0.19152616396270128,-0.03184667590436015,-0.0047956625965530925,-0.22467981860383834,0.1628461956579743,945
0.1274547747135135,0.14483667732663932,-0.11574055167526481,0.02770365677321215,0.06777337942477975,-0.019242758288175753,-0.06253001529687802,946
-0.04617185725112359,-0.23472312068946985,-0.030290719682872586,-0.09496123965790013,-0.07928791378328133,-0.07804093146893461,-0.03999720628032666,947
0.032442498430445624,0.024463975468017787,0.012013848159551206,-0.07564389540350769,0.1549802291959147,0.09417850166376313,-0.05996004599064047,948
-0.0027283124443656034,0.20171336803696352,0.13490761445052307,0.19251385473802823,0.01802225288945602,0.05464971162830852,-0.06737824307776412,949
-0.11443798641975979,0.05223216469498112,0.10336292635418223,0.09651908463330217,0.004159127945874551,0.015107250996521635,-0.054242128385127035,950
0.1239665134160676,0.1143889046714124,-0.12917759168882803,0.26346007950155115,-0.13627864424849565,-0.02110690216747632,-0.09214116086056887,951
0.10714727262971217,-0.021493319506270005,0.04283925403452197,-0.13722169878996454,0.07468072123913763,0.3474240593955056,0.22200255150306614,952
0.09930723372147911,0.35525074716967486,-0.04315006047127138,-0.05633008555819016,0.04799373712056474,0.20223469320995727,-0.05005152138942947,953
0.2539483563059399,0.03452850686907021,0.04663442557331655,0.0021473374875184345,-0.13377866773549255,-0.37830292496605583,-0.20884142303041,954
0.4657939536989808,0.5837333427225584,0.05771746192615053,0.1353210637358032,-0.10565942274973461,-0.0032440354136588495,0.11669117713040532,955
-0.131616452965302,-0.10680490245260549,-0.03129835217116972,-0.01740276161468233,-0.040663395383903636,-0.1247322827605237,-0.07248910597920528,956
-0.08890535138297131,-0.06435385390849069,-0.09430591248587183,0.06382266283171786,0.2293357695495106,0.33962598970203706,0.04606698792904341,957
0.21305681585522648,-0.01870705960682184,0.24567462992941094,0.4033409631492334,-0.2636828354210787,-0.09130836211116103,0.26231087382694873,958
0.0024157305262775125,0.2141128377778509,0.03270405383948918,-0.1423718372147944,0.0572414324452227,-0.06790315962843056,0.05219929053950289,959
0.0610516385578597,0.2539370800015411,-0.023485461060241547,0.12995669019761633,0.017150132677751204,0.06474386692930093,0.028592663224847294,960
0.018993365957410434,0.03333340693367921,-0.1981152040086091,0.1147126437555526,0.11377434454687783,-0.018857037927697246,-0.12901560395713932,961
-0.13599600965537814,-0.10125391514745513,-0.08686790872473171,0.12451492728093388,0.0075674948510645185,0.07765918915686533,-0.10840601522440181,962
0.07460733325342842,-0.05320955625832755,-0.07289199912158334,0.017054022716717555,-0.04026093728126656,-0.16895501211835243,-0.12377787970723018,963
-0.05078935914341227,0.10321987385812423,0.021541210182298407,0.07352780802796219,0.2406167914834806,-0.11980928483614711,-0.13521248354674634,964
0.23651810082427133,0.014171096686429586,0.22802870481963589,0.09930607397714399,0.037276189075254706,0.2008032704311395,0.3366168124869609,965
-0.030040018011959706,0.13713570566808952,0.13011009878994578,0.012190559763277571,-0.0038410003683146624,0.2392632761812021,-0.12366459505509522,966
0.11338636291512702,-0.04907252269076178,0.3984875625059454,0.10452152857432152,-0.06731146560973832,0.13894249908760736,0.1025473121276414,967
0.07483600393604152,0.1028925183181245,0.4256793088181123,0.0994136868241707,0.0008009788886112993,0.07838904214688161,-0.07634209632122751,968
0.24710627621925074,0.2110722227675354,0.1392734678327536,0.026314332141725356,-0.014010312570994303,-1.0220018944977465,0.071974778001688,969
0.11457439876034181,0.106021250119497,0.012650518037642172,0.09841972034137239,-0.004495397951173575,0.06792730481600823,-0.04195528908680188,970
-0.06999286533060026,-0.0810239440984657,0.17619746599114638,0.10413046281758184,-0.11014237755547324,-0.03421732156794241,-0.002826581738557938,971
0.1414424946437613,0.11881339833951159,0.018540408201218404,-0.03575172381305801,-0.4237529007233796,-0.441333371836498,0.10342722437135528,972
0.049945149699556865,-0.16646363187352697,0.13173224017640614,-0.023253531082796583,0.03132359590791676,0.09128468380052765,0.038502593857705776,973
-0.006160162774403337,0.09588917727922963,-0.11460302092911448,0.040536332285470225,0.5434734807051819,0.43449888553207916,-0.012033003258053879,974
-0.007975913170575319,-0.30666150298143824,0.06194911104190837,0.06318997660571943,0.023533124885740442,0.04535023955766759,0.13364698984087572,975
0.4900046364711707,0.08546157159480516,-0.11489276908890725,-0.04420163334345706,0.03578692833192939,-0.14969365444592608,0.053671258897375396,976
0.004501153196233868,0.0514344766323616,0.15856816661417855,0.14726410902217923,-0.2582221370593385,-0.01620648860913257,-0.04006075340657467,977
-0.20803207586437167,0.08812273471687274,-0.03201328421891646,-0.05995070252531495,0.37338636264096475,0.38204695158071045,-0.44470368119343506,978
-0.05194111431435382,-0.21576542701895748,0.04592084426377822,0.13351931632816394,0.0405234960745903,0.29069529696411306,-0.06271230626500339,979
0.01283536190545546,0.09657187184347774,-0.05192592833112766,-0.049832748597829594,0.11341755571045545,-0.04190201793802956,-0.01718881014348599,980
0.0322416580496851,-0.051381703867290025,0.0760926129212876,0.08749030668760957,-0.07154229405495381,-0.18892627935140288,0.10121940802844953,981
-0.2804694555057444,0.0519194915157229,-0.02880006211761036,0.009550053998483077,-0.002967136887756325,-0.015569205446081614,0.011082904055687274,982
0.1296818151304142,-0.07155175066820325,0.04040642335557813,-0.11107191933598813,-0.014118684337058394,-0.08473987325045065,0.12476209778219115,983
0.18499303758782584,-0.14978060136327698,-0.1217121885746476,-0.10659674550031713,-0.03597355077212339,0.24788536790724824,0.22102216238469788,984
0.0006428421262580988,-0.12089092307533714,0.008867743456765989,-0.07759572117703589,0.0006777311212344219,-0.1046127011115482,0.07095356884274519,985
0.04237502493785962,0.022673833421310036,-0.210629069361088,-0.11901463471278179,-0.15859922002279286,-0.0810044980557926,0.022926946681129295,986
0.05544019505633081,0.22556490236549231,-0.02026406986685339,0.2268776885734158,-0.01610340042865482,0.15105627182049747,-0.15650616423373828,987
-0.2025312801821875,-0.04151743132400092,-0.32204427803875946,0.08713807517910069,0.05458380769345414,0.07269049929390119,-0.024219226864108864,988
-0.341143478113402,-0.07764424567137322,-0.08157456952207923,0.11456197534867667,-0.02220867881056623,-0.17740986294194322,-0.2591936987687745,989
0.032876013575132056,-0.0379712493717527,0.053417327255156154,0.10448847155237967,-0.025045393839306276,0.12944196407038372,0.08661423839442886,990
-0.0002594459001388494,0.020799178601803213,-0.18931218881324713,-0.14619514329425998,-0.11741978564998626,-0.13971490782719773,-0.21333110516020445,991
0.49015887350074466,0.1687063936173177,0.2051641408395816,0.0693240791068426,0.21325263526324237,0.09920096954435234,-0.005815007593988179,992
-0.1160837448236156,-0.05201533249463674,-0.08451630606349256,-0.0345605734153929,-0.13287284378373307,-0.30527231527205656,-0.24496436814995382,993
-0.029360798025148557,-0.01961138333840144,0.1394666390793179,0.1531167214040054,-0.007261016731096601,0.2102977585289872,-0.10469301515432504,994
0.4583232687559963,0.15872249313831277,0.2114887027145303,-0.012013663551012087,0.018219498251730585,-0.22291573953263527,-0.1250056759926674,995
0.017786250754405028,0.40043292704665373,-0.020028818877187042,0.019284246340001126,-0.16700216594039877,-0.08038865577676463,-0.05613294942643604,996
0.06443705793459437,0.10881415266224265,0.3402038736683677,0.17472827831005644,-0.06351927809556487,-0.07375524752099107,-0.026878075179995534,997
0.09008172026627126,0.04499699670878393,-0.10360990240326834,-0.1518159653224642,0.007328302334695425,-0.0625356740221954,0.12081403406350195,998
0.05389787093930597,-0.06400303052555367,-0.19931011371547108,-0.09106257143498059,0.07003285950113826,0.08056641113405179,0.02340258923180204,999
